sdate,line_t,line_tmq,line_tvza,line_tvaa,line_tm2,line_QFDNB,line_tm_buf
735235,268,0,846,9887,1,0,1
735236,369,0,3542,9746,1,0,1
735237,261,0,5361,9448,1,0,1
735238,295,0,4936,-7217,1,0,1
735239,248,0,2985,-7536,1,0,1
735240,211,0,169,-7577,1,0,0
735241,177,0,2747,9784,1,0,1
735242,241,0,4846,9556,1,0,1
735243,207,0,5408,-7096,1,0,1
735244,24,0,3727,-7452,1,0,1
735245,122,0,1169,-7534,1,0,1
735246,32,0,1853,9842,1,0,1
735247,173,0,4256,9604,1,0,1
735248,65535,255,5815,-6999,0,0,0
735249,150,0,4366,-7293,1,0,1
735250,245,0,2115,-7684,1,0,1
735251,239,0,870,9812,1,0,1
735252,269,0,3555,9727,1,0,1
735253,65535,255,5366,9442,0,0,0
735254,65535,255,4930,-7202,0,0,0
735255,550,2,2980,-7505,3,0,0
735256,165,0,171,-6804,3,0,0
735257,495,2,2737,9912,3,0,0
735258,262,0,4843,9529,3,0,0
735259,281,0,5416,-7137,3,0,0
735260,313,0,3739,-7402,1,0,1
735261,245,0,1191,-7759,1,0,1
735262,231,0,1825,9988,1,0,1
735263,65535,255,4232,9651,0,0,0
735264,81,0,5801,9330,1,0,1
735265,250,0,4393,-7329,1,0,1
735266,242,0,2152,-7574,1,0,1
735267,65535,255,823,10207,0,0,0
735268,469,2,3521,9688,1,0,1
735269,65535,255,5346,9427,0,0,0
735270,279,0,4951,-7192,1,0,1
735271,65535,255,3013,-7500,0,0,0
735272,408,0,211,-7155,1,0,1
735273,242,0,2703,9928,1,0,1
735274,65535,255,4819,9550,0,0,0
735275,79,0,5430,-7085,1,0,0
735276,206,0,3764,-7445,1,0,1
735277,359,0,1227,-7620,1,0,1
735278,65535,255,1787,9845,0,0,0
735279,221,0,4204,9673,1,0,1
735280,158,0,5784,9368,1,0,1
735281,17,0,4410,-7301,1,0,1
735282,65535,255,2183,-7526,0,0,0
735283,304,0,788,10090,1,0,1
735284,220,0,3492,9813,1,0,1
735285,182,0,5327,9477,1,0,1
735286,306,0,4967,-7194,1,0,1
735287,275,0,3037,-7518,1,0,1
735288,220,0,244,-7655,1,0,1
735289,172,0,2679,9789,1,0,1
735290,156,0,4800,9559,1,0,1
735291,129,0,5441,-7092,1,0,1
735292,65535,255,3783,-7441,0,0,0
735293,65535,255,1260,-7884,0,0,0
735294,0,0,0,0,0,0,0
735295,147,0,4181,9685,1,0,0
735296,190,0,5769,9350,1,0,1
735297,344,0,4431,-7366,1,0,1
735298,65535,255,2210,-7655,0,0,0
735299,365,0,760,9790,1,0,1
735300,144,0,3466,9739,1,0,1
735301,143,0,5311,9453,1,0,1
735302,343,0,4982,-7223,1,0,1
735303,277,0,3065,-7555,1,0,1
735304,65535,255,279,-8030,0,0,0
735305,312,2,2649,9816,1,0,1
735306,168,0,4781,9585,1,0,1
735307,136,0,5457,-7120,1,0,1
735308,65535,255,3804,-7376,0,0,0
735309,65535,255,1293,-7721,0,0,0
735310,235,0,1726,10000,1,0,1
735311,65535,255,4164,9661,0,0,0
735312,65535,255,5756,9345,0,0,0
735313,215,0,4445,-7300,1,0,1
735314,407,0,2236,-7681,1,0,1
735315,65535,255,730,9918,0,0,0
735316,275,0,3445,9785,1,0,1
735317,220,0,5298,9485,1,0,1
735318,209,0,4994,-7188,1,0,1
735319,194,0,3083,-7512,1,0,1
735320,65535,255,302,-7685,0,0,0
735321,283,0,2629,9806,1,0,1
735322,65535,255,4768,9588,0,0,0
735323,68,2,5467,-7127,1,0,1
735324,128,0,3820,-7405,1,0,0
735325,117,0,1316,-7870,1,0,1
735326,401,0,1711,9829,1,0,1
735327,221,0,4153,9615,1,0,1
735328,0,0,0,0,0,0,0
735329,247,0,4461,-7342,1,0,1
735330,412,0,2252,-7664,1,0,1
735331,294,0,712,9963,1,0,1
735332,370,0,3436,9804,1,0,1
735333,247,0,5292,9484,1,0,1
735334,242,0,5002,-7223,1,0,1
735335,325,0,3097,-7589,1,0,1
735336,458,0,316,-7059,1,0,1
735337,272,0,2615,9909,1,0,1
735338,65535,255,4761,9578,0,0,0
735339,131,0,5474,-7135,1,0,1
735340,65535,255,3832,-7434,0,0,1
735341,246,0,1322,-7618,1,0,1
735342,65535,255,1699,9984,0,0,0
735343,53,2,4145,9685,1,0,1
735344,198,0,5748,9373,1,0,1
735345,298,0,4464,-7335,1,0,1
735346,225,0,2257,-7678,1,0,1
735347,364,0,707,10054,1,0,1
735348,398,0,3437,9708,1,0,1
735349,245,0,5291,9464,1,0,1
735350,147,0,5005,-7185,1,0,1
735351,65535,255,3096,-7540,0,0,0
735352,302,0,320,-8311,1,0,1
735353,398,0,2619,9929,1,0,1
735354,273,0,4764,9578,1,0,1
735355,65535,255,5473,-7090,0,0,0
735356,65535,255,3832,-7465,0,0,0
735357,283,0,1322,-7745,1,0,1
735358,285,0,1704,9831,1,0,1
735359,180,0,4152,9643,1,0,1
735360,65535,255,5750,9356,0,0,0
735361,187,0,4460,-7329,1,0,1
735362,65535,255,2257,-7678,0,0,0
735363,296,0,712,10198,1,0,1
735364,249,0,3440,9752,1,0,1
735365,235,0,5296,9497,1,0,1
735366,156,0,5005,-7234,1,0,1
735367,255,0,3088,-7501,1,0,1
735368,65535,255,308,-8223,0,0,0
735369,233,0,2623,9941,1,0,1
735370,0,0,0,0,0,0,0
735371,65535,255,5469,-7099,0,0,0
735372,139,2,3824,-7404,1,0,0
735373,340,0,1304,-7618,1,0,1
735374,264,0,1715,10080,1,0,1
735375,65535,255,4159,9642,0,0,0
735376,65535,255,5757,9367,0,0,0
735377,171,0,4454,-7355,1,0,1
735378,65535,255,2236,-7565,0,0,0
735379,65535,255,736,9922,0,0,0
735380,65535,255,3458,9715,0,0,0
735381,143,0,5304,9490,1,0,0
735382,65535,255,4993,-7237,0,0,0
735383,65535,255,3074,-7533,0,0,0
735384,200,0,287,-7104,1,0,1
735385,245,0,2648,9841,1,0,1
735386,206,0,4783,9563,1,0,1
735387,112,0,6160,9259,1,0,1
735388,203,0,3804,-7392,1,0,1
735389,65535,255,1282,-7645,0,0,0
735390,65535,255,1743,9831,0,0,0
735391,53,2,4178,9674,1,0,0
735392,65535,255,5767,9391,0,0,0
735393,65535,255,4433,-7308,0,0,0
735394,65535,255,2215,-7698,0,0,0
735395,65535,255,766,9706,0,0,0
735396,65535,255,3477,9743,0,0,0
735397,154,0,5318,9483,1,0,1
735398,164,0,6513,9157,1,0,1
735399,65535,255,3046,-7558,0,0,0
735400,65535,255,250,-7395,0,0,0
735401,65535,255,2673,9910,0,0,0
735402,0,0,0,0,0,0,0
735403,65535,255,6170,9290,0,0,0
735404,65535,255,3780,-7465,0,0,0
735405,0,0,0,0,0,0,0
735406,0,0,0,0,0,0,0
735407,65535,255,4199,9657,0,0,0
735408,65535,255,5782,9387,0,0,0
735409,65535,255,4410,-7312,0,0,0
735410,65535,255,2179,-7733,0,0,0
735411,227,0,799,9886,1,0,1
735412,65535,255,3504,9735,0,0,0
735413,65535,255,5337,9440,0,0,0
735414,118,0,4955,-7200,1,0,1
735415,65535,255,3014,-7489,0,0,0
735416,65535,255,214,-6545,0,0,0
735417,281,0,2708,9870,1,0,1
735418,65535,255,4820,9591,0,0,0
735419,209,0,6184,9286,1,0,1
735420,243,0,3752,-7477,1,0,1
735421,65535,255,1204,-7537,0,0,0
735422,65535,255,1815,9828,0,0,0
735423,65535,255,4225,9687,0,0,0
735424,0,0,0,0,0,0,0
735425,65535,255,4387,-7360,0,0,0
735426,96,0,2136,-7619,1,0,1
735427,65535,255,841,10285,0,0,0
735428,161,0,3538,9697,1,0,1
735429,0,0,0,0,0,0,0
735430,65535,255,4931,-7189,0,0,0
735431,156,0,2976,-7482,1,0,1
735432,65535,255,179,-9091,0,0,0
735433,65535,255,2738,9843,0,0,0
735434,175,0,4838,9575,1,0,1
735435,120,0,5410,-7093,1,0,1
735436,229,0,3736,-7432,1,0,1
735437,65535,255,1192,-7816,0,0,0
735438,214,0,1825,9990,1,0,1
735439,65535,255,4232,9638,0,0,0
735440,65535,255,5799,9378,0,0,0
735441,65535,255,4387,-7296,0,0,0
735442,159,0,2147,-7693,1,0,1
735443,65535,255,829,9848,0,0,0
735444,160,0,3522,9733,1,0,1
735445,65535,255,5346,9438,0,0,0
735446,174,0,4946,-7197,1,0,1
735447,181,0,3004,-7480,1,0,1
735448,65535,255,209,-6518,0,0,0
735449,152,0,2708,9870,1,0,0
735450,144,0,4819,9597,1,0,1
735451,65535,255,5425,-7118,0,0,0
735452,65535,255,3758,-7445,0,0,0
735453,65535,255,1220,-7592,0,0,0
735454,113,0,1798,9865,1,0,1
735455,165,0,4210,9692,1,0,1
735456,156,0,5787,9365,1,0,1
735457,65535,255,4404,-7275,0,0,0
735458,65535,255,2173,-7675,0,0,0
735459,65535,255,800,9801,0,0,0
735460,128,0,3504,9735,1,0,1
735461,65535,255,5335,9450,0,0,0
735462,65535,255,4960,-7216,0,0,0
735463,216,0,3027,-7539,1,0,1
735464,143,0,232,-7637,1,0,1
735465,104,0,2688,9790,1,0,1
735466,65535,255,4810,9565,0,0,0
735467,139,0,5438,-7096,1,0,1
735468,0,0,0,0,0,0,0
735469,65535,255,1243,-7566,0,0,0
735470,165,0,1776,9867,1,0,1
735471,174,0,4199,9610,1,0,1
735472,65535,255,5779,9376,0,0,0
735473,65535,255,4420,-7310,0,0,0
735474,65535,255,2189,-7539,0,0,0
735475,65535,255,776,10180,0,0,0
735476,248,0,3487,9809,1,0,1
735477,161,0,5326,9449,1,0,1
735478,160,0,4972,-7202,1,0,1
735479,171,0,3042,-7527,1,0,1
735480,65535,255,250,-7791,0,0,0
735481,65535,255,2678,9803,0,0,0
735482,65535,255,4799,9584,0,0,0
735483,177,0,5445,-7122,1,0,1
735484,65535,255,3783,-7385,0,0,0
735485,65535,255,1259,-7778,0,0,0
735486,65535,255,1759,10054,0,0,0
735487,141,0,4188,9687,1,0,1
735488,169,0,5776,9364,1,0,1
735489,65535,255,4426,-7296,0,0,0
735490,65535,255,2199,-7538,0,0,0
735491,250,0,770,10225,1,0,1
735492,65535,255,3483,9713,0,0,0
735493,0,0,0,0,0,0,0
735494,65535,255,4978,-7233,0,0,0
735495,65535,255,3049,-7560,0,0,0
735496,65535,255,260,-6773,0,0,0
735497,65535,255,2668,9924,0,0,0
735498,65535,255,4796,9562,0,0,0
735499,0,0,0,0,0,0,0
735500,237,0,3787,-7385,1,0,1
735501,168,0,1265,-7802,1,0,1
735502,196,0,1756,9966,1,0,1
735503,171,0,4188,9633,1,0,1
735504,135,0,5774,9386,1,0,1
735505,106,0,4430,-7346,1,0,1
735506,65535,255,2204,-7684,0,0,0
735507,65535,255,770,10012,0,0,0
735508,168,0,3479,9818,1,0,1
735509,140,0,5321,9444,1,0,1
735510,65535,255,4975,-7239,0,0,0
735511,130,0,3047,-7464,1,0,1
735512,189,0,250,-7399,1,0,1
735513,135,0,2673,9816,1,0,1
735514,65535,255,4797,9602,0,0,0
735515,86,0,5443,-7081,1,0,1
735516,127,0,3787,-7471,1,0,1
735517,145,0,1259,-7724,1,0,1
735518,161,0,1760,10073,1,0,1
735519,65535,255,4192,9618,0,0,0
735520,65535,255,5775,9367,0,0,0
735521,237,0,4420,-7278,1,0,1
735522,161,0,2194,-7553,1,0,1
735523,177,0,784,9715,1,0,1
735524,149,0,3487,9782,1,0,1
735525,65535,255,5326,9439,0,0,0
735526,157,0,4966,-7235,1,0,1
735527,132,0,3032,-7486,1,0,1
735528,182,0,238,-7932,1,0,1
735529,135,0,2683,9887,1,0,1
735530,180,0,4807,9566,1,0,1
735531,163,0,5438,-7133,1,0,1
735532,164,0,3771,-7457,1,0,1
735533,186,0,1237,-7752,1,0,1
735534,65535,255,1782,9849,0,0,0
735535,172,0,4203,9651,1,0,1
735536,151,0,5785,9366,1,0,1
735537,158,0,4407,-7349,1,0,1
735538,143,2,2173,-7541,1,0,1
735539,125,0,806,9723,1,0,1
735540,206,2,3504,9806,1,0,1
735541,230,0,5338,9455,1,0,1
735542,65535,255,4952,-7193,0,0,0
735543,160,0,3014,-7592,1,0,1
735544,189,0,209,-7468,1,0,1
735545,168,0,2708,9884,1,0,1
735546,65535,255,4823,9580,0,0,0
735547,233,0,5420,-7089,1,0,1
735548,192,0,3748,-7397,1,0,1
735549,122,0,1203,-7617,1,0,1
735550,155,0,1815,9830,1,0,1
735551,187,0,4225,9668,1,0,1
735552,194,0,5797,9389,1,0,1
735553,65535,255,4383,-7302,0,0,0
735554,238,0,2136,-7677,1,0,1
735555,175,0,841,10249,1,0,1
735556,182,0,3536,9754,1,0,1
735557,216,0,5357,9481,1,0,1
735558,156,0,4931,-7214,1,0,1
735559,184,0,2985,-7459,1,0,1
735560,174,0,180,-7962,1,0,1
735561,0,0,0,0,0,0,0
735562,211,0,4832,9590,1,0,1
735563,234,0,5414,-7090,1,0,1
735564,65535,255,3740,-7398,0,0,0
735565,172,0,1198,-7589,1,0,1
735566,136,0,1809,10066,1,0,1
735567,170,0,4222,9642,1,0,1
735568,208,0,5794,9369,1,0,1
735569,173,0,4393,-7357,1,0,1
735570,213,0,2152,-7570,1,0,1
735571,190,0,817,9971,1,0,1
735572,65535,255,3517,9736,0,0,0
735573,206,0,5341,9463,1,0,1
735574,189,0,4951,-7253,1,0,1
735575,65535,255,3014,-7559,0,0,0
735576,197,0,215,-7478,1,0,1
735577,135,0,2698,9910,1,0,1
735578,146,0,4816,9600,1,0,1
735579,180,0,5431,-7110,1,0,1
735580,214,0,3764,-7457,1,0,1
735581,241,0,1232,-7888,1,0,1
735582,212,0,1787,10033,1,0,1
735583,165,0,4207,9651,1,0,1
735584,154,0,5784,9385,1,0,1
735585,96,0,4410,-7303,1,0,1
735586,180,0,2178,-7716,1,0,1
735587,192,0,800,9886,1,0,1
735588,220,0,3500,9747,1,0,1
735589,125,0,5332,9448,1,0,1
735590,125,0,4963,-7207,1,0,1
735591,176,0,3028,-7516,1,0,1
735592,130,0,233,-7221,1,0,1
735593,196,0,2688,9923,1,0,1
735594,256,0,4810,9538,1,0,1
735595,171,0,5437,-7137,1,0,1
735596,225,0,3771,-7417,1,0,1
735597,174,0,1242,-7804,1,0,1
735598,164,0,1776,10017,1,0,1
735599,176,0,4203,9666,1,0,1
735600,186,0,5784,9339,1,0,1
735601,151,0,4416,-7346,1,0,1
735602,182,0,2183,-7626,1,0,1
735603,183,0,795,9719,1,0,1
735604,68,0,3500,9730,1,0,1
735605,87,2,5332,9449,1,0,1
735606,131,0,4966,-7228,1,0,1
735607,229,0,3032,-7577,1,0,1
735608,92,0,233,-8354,1,0,1
735609,196,0,2688,9863,1,0,1
735610,176,0,4809,9567,1,0,1
735611,195,0,5438,-7146,1,0,1
735612,151,0,3771,-7432,1,0,1
735613,180,0,1237,-7508,1,0,1
735614,148,0,1781,9870,1,0,1
735615,215,0,4207,9625,1,0,1
735616,135,0,5784,9390,1,0,1
735617,65535,255,4413,-7340,0,0,0
735618,145,0,2178,-7642,1,0,1
735619,227,0,800,9887,1,0,1
735620,197,0,3504,9782,1,0,1
735621,122,0,5334,9468,1,0,1
735622,65535,255,4960,-7229,0,0,0
735623,194,0,3027,-7547,1,0,1
735624,182,0,226,-7640,1,0,1
735625,122,0,2693,9884,1,0,1
735626,174,0,4813,9544,1,0,1
735627,146,0,5435,-7080,1,0,1
735628,175,0,3771,-7416,1,0,1
735629,173,0,1237,-7804,1,0,1
735630,10,0,1781,10017,1,0,1
735631,26,0,4206,9659,1,0,1
735632,65535,255,5785,9365,0,0,0
735633,234,0,4410,-7340,1,0,1
735634,0,0,0,0,0,0,0
735635,160,0,800,9845,1,0,1
735636,0,0,0,0,0,0,0
735637,44,2,5335,9463,3,0,0
735638,210,0,4963,-7234,3,0,0
735639,297,0,3028,-7588,3,0,0
735640,225,0,229,-8656,3,0,0
735641,159,0,2693,9875,3,0,0
735642,65535,255,4813,9527,0,0,0
735643,101,0,5431,-7121,1,0,1
735644,144,0,3767,-7432,1,0,1
735645,134,0,1226,-7507,1,0,1
735646,65535,255,1793,9869,0,0,0
735647,65535,255,4210,9625,0,0,0
735648,65535,255,5787,9389,0,0,0
735649,170,0,4404,-7341,1,0,1
735650,150,0,2167,-7642,1,0,1
735651,88,0,811,9889,1,0,1
735652,34,2,3509,9781,1,0,1
735653,16,0,5338,9491,1,0,1
735654,59,0,4952,-7203,1,0,1
735655,89,0,3014,-7559,1,0,1
735656,235,0,211,-8576,1,0,1
735657,65535,255,2708,9909,0,0,0
735658,65535,255,4823,9560,0,0,0
735659,156,0,5422,-7120,1,0,1
735660,122,0,3747,-7411,1,0,1
735661,65535,255,1203,-7532,0,0,0
735662,172,2,1814,9959,1,0,0
735663,230,0,4225,9684,1,0,1
735664,150,0,5797,9374,1,0,1
735665,65535,255,4387,-7350,0,0,0
735666,251,0,2142,-7720,1,0,1
735667,140,0,835,10248,1,0,1
735668,136,0,3534,9761,1,0,1
735669,0,0,0,0,0,0,0
735670,113,0,4934,-7228,1,0,1
735671,138,0,2990,-7561,1,0,1
735672,136,0,187,-8137,1,0,1
735673,138,0,2723,9825,1,0,1
735674,65535,255,4829,9592,0,0,0
735675,164,0,5417,-7121,1,0,1
735676,65535,255,3748,-7386,0,0,0
735677,237,0,1209,-7753,1,0,1
735678,115,0,1798,10034,1,0,1
735679,213,0,4214,9686,1,0,1
735680,132,0,5787,9360,1,0,1
735681,123,0,4403,-7290,1,0,1
735682,144,0,2168,-7537,1,0,1
735683,142,0,799,10221,1,0,1
735684,134,0,3500,9722,1,0,1
735685,65535,255,5330,9459,0,0,0
735686,140,0,4964,-7249,1,0,1
735687,133,0,3033,-7483,1,0,1
735688,0,0,0,0,0,0,0
735689,139,0,2678,9842,1,0,1
735690,156,0,4801,9529,1,0,1
735691,115,0,5442,-7091,1,0,1
735692,193,0,3779,-7366,1,0,1
735693,149,0,1260,-7799,1,0,1
735694,185,0,1760,9853,1,0,1
735695,153,0,4185,9642,1,0,1
735696,136,0,5770,9355,1,0,1
735697,123,0,4427,-7311,1,0,1
735698,65535,255,2209,-7636,0,0,0
735699,65535,255,759,10013,0,0,0
735700,65535,255,3471,9717,0,0,0
735701,159,0,5313,9473,1,0,1
735702,118,0,4981,-7202,1,0,1
735703,65535,255,3059,-7558,0,0,0
735704,65535,255,274,-7424,0,0,0
735705,65535,255,2654,9857,0,0,0
735706,139,0,4784,9556,1,0,1
735707,65535,255,5456,-7130,0,0,0
735708,65535,255,3804,-7465,0,0,0
735709,65535,255,1288,-7821,0,0,0
735710,134,0,1732,9930,1,0,1
735711,134,0,4170,9700,1,0,1
735712,148,0,5761,9383,1,0,1
735713,65535,255,4444,-7309,0,0,0
735714,65535,255,2231,-7692,0,0,0
735715,65535,255,736,10376,0,0,0
735716,65535,255,3457,9807,0,0,0
735717,175,0,5305,9470,1,0,1
735718,145,0,4990,-7216,1,0,1
735719,115,0,3070,-7489,1,0,1
735720,171,0,292,-8468,1,0,1
735721,133,0,2644,9810,1,0,1
735722,194,0,4780,9557,1,0,1
735723,259,0,5459,-7074,1,0,1
735724,125,0,3808,-7386,1,0,0
735725,159,0,1293,-7639,1,0,1
735726,144,0,1726,9836,1,0,1
735727,65535,255,4166,9687,0,0,0
735728,65535,255,5760,9371,0,0,0
735729,0,0,0,0,0,0,0
735730,65535,255,2231,-7532,0,0,0
735731,199,0,735,10015,1,0,1
735732,213,0,3457,9763,1,0,1
735733,126,0,5305,9451,1,0,1
735734,146,0,4990,-7210,1,0,1
735735,65535,255,3074,-7508,0,0,0
735736,133,0,286,-7209,1,0,1
735737,65535,255,2643,9907,0,0,0
735738,113,0,4780,9609,1,0,1
735739,65535,255,5461,-7129,0,0,0
735740,139,0,3808,-7378,1,0,1
735741,108,0,1288,-7667,1,0,0
735742,65535,255,1732,9910,0,0,0
735743,65535,255,4170,9625,0,0,0
735744,164,0,5763,9375,1,0,1
735745,230,0,4440,-7302,1,0,1
735746,138,0,2222,-7587,1,0,1
735747,140,0,747,9970,1,0,1
735748,90,0,3466,9771,1,0,1
735749,65535,255,5310,9469,0,0,0
735750,65535,255,6505,9158,0,0,0
735751,65535,255,3065,-7589,0,0,0
735752,105,0,280,-8260,1,0,1
735753,65535,255,2653,9845,0,0,0
735754,139,0,4787,9590,1,0,1
735755,128,2,6160,9297,1,0,1
735756,53,0,3795,-7380,1,0,1
735757,118,2,1276,-7719,1,0,1
735758,76,0,1743,9985,1,0,0
735759,154,0,4182,9657,1,0,1
735760,65535,255,5768,9379,0,0,0
735761,65535,255,6814,9067,0,0,1
735762,149,0,2210,-7636,1,0,1
735763,146,0,765,9756,1,0,1
735764,129,0,3479,9743,1,0,1
735765,65535,255,5318,9463,0,0,0
735766,65535,255,6511,9159,0,0,0
735767,113,0,3046,-7439,1,0,1
735768,160,0,256,-7618,1,0,1
735769,65535,255,2668,9904,0,0,0
735770,65535,255,4800,9542,0,0,0
735771,129,0,6169,9268,1,0,1
735772,96,0,3784,-7460,1,0,1
735773,65535,255,1248,-7588,0,0,0
735774,65535,255,1770,9927,0,0,0
735775,65535,255,4196,9641,0,0,0
735776,199,0,5778,9379,1,0,1
735777,65535,255,6822,9070,0,0,1
735778,65535,255,2184,-7668,0,0,0
735779,65535,255,788,9931,0,0,0
735780,65535,255,3496,9784,0,0,0
735781,65535,255,5329,9489,0,0,0
735782,93,0,6519,9150,1,0,0
735783,65535,255,3028,-7503,0,0,0
735784,65535,255,240,-8616,0,0,0
735785,140,0,2689,9794,1,0,1
735786,65535,255,4807,9535,0,0,0
735787,65535,255,6171,9294,0,0,0
735788,0,0,0,0,0,0,0
735789,65535,255,1242,-7803,0,0,0
735790,231,0,1776,9943,1,0,1
735791,65535,255,4196,9709,0,0,0
735792,172,0,5780,9345,1,0,1
735793,214,0,4414,-7325,1,0,1
735794,65535,255,2189,-7726,0,0,0
735795,65535,255,789,9763,0,0,0
735796,65535,255,3490,9741,0,0,0
735797,65535,255,5327,9480,0,0,0
735798,97,0,4967,-7231,1,0,1
735799,65535,255,3032,-7523,0,0,0
735800,65535,255,242,-6824,0,0,0
735801,0,0,0,0,0,0,0
735802,0,0,0,0,0,0,0
735803,65535,255,5436,-7082,0,0,0
735804,119,0,3776,-7406,1,0,1
735805,121,0,1248,-7667,1,0,1
735806,151,0,1770,9853,1,0,1
735807,174,0,4196,9689,1,0,1
735808,134,0,5778,9370,1,0,1
735809,65535,255,4414,-7319,0,0,0
735810,0,0,0,0,0,0,0
735811,129,0,777,10312,1,0,1
735812,65535,255,3492,9818,0,0,0
735813,107,0,5332,9482,1,0,1
735814,65535,255,4955,-7252,0,0,0
735815,65535,255,3014,-7580,0,0,0
735816,65535,255,203,-7952,0,0,0
735817,176,0,2723,9789,1,0,1
735818,65535,255,4835,9551,0,0,0
735819,0,0,0,0,0,0,0
735820,65535,255,3732,-7422,0,0,0
735821,131,0,1186,-7644,1,0,1
735822,188,0,1827,9992,1,0,1
735823,65535,255,4232,9648,0,0,0
735824,105,0,5802,9364,1,0,1
735825,133,0,4386,-7345,1,0,1
735826,135,0,2143,-7575,1,0,1
735827,65535,255,836,9773,0,0,0
735828,65535,255,3526,9812,0,0,0
735829,177,0,5348,9464,1,0,1
735830,113,0,4946,-7199,1,0,1
735831,65535,255,3004,-7521,0,0,0
735832,65535,255,203,-7788,0,0,0
735833,65535,255,2713,9908,0,0,0
735834,65535,255,4823,9587,0,0,0
735835,132,0,5425,-7092,1,0,1
735836,125,0,3756,-7403,1,0,1
735837,88,0,1214,-7616,1,0,1
735838,65535,255,1801,9944,0,0,0
735839,65535,255,4214,9658,0,0,0
735840,65535,255,5789,9380,0,0,0
735841,65535,255,4403,-7272,0,0,0
735842,65535,255,2167,-7613,0,0,0
735843,65535,255,805,10095,0,0,0
735844,88,0,3509,9764,1,0,1
735845,173,0,5337,9443,1,0,1
735846,199,0,4957,-7187,1,0,1
735847,65535,255,3025,-7533,0,0,0
735848,0,0,0,0,0,0,0
735849,258,0,2693,9927,1,0,1
735850,123,0,4813,9527,1,0,1
735851,169,0,5435,-7123,1,0,1
735852,65535,255,-32768,-32768,0,65535,1
735853,65535,255,1254,-7752,0,0,0
735854,65535,255,1771,9810,0,0,0
735855,195,0,4196,9637,1,0,1
735856,65535,255,5779,9349,0,0,0
735857,65535,255,4423,-7311,0,0,0
735858,0,0,0,0,0,0,0
735859,108,0,782,10008,1,0,1
735860,182,0,3492,9710,1,0,1
735861,65535,255,5326,9471,0,0,0
735862,65535,255,4969,-7204,0,0,0
735863,65535,255,3042,-7600,0,0,0
735864,0,0,0,0,0,0,0
735865,65535,255,2683,9849,0,0,0
735866,147,0,4806,9553,1,0,1
735867,65535,255,5443,-7129,0,0,0
735868,0,0,0,0,0,0,0
735869,65535,255,1249,-7914,0,0,0
735870,195,0,1775,9977,1,0,1
735871,65535,255,4199,9711,0,0,0
735872,65535,255,5782,9353,0,0,0
735873,159,0,4420,-7336,1,0,1
735874,286,0,2194,-7526,1,0,1
735875,65535,255,776,9881,0,0,0
735876,200,0,3483,9720,1,0,1
735877,320,0,5321,9496,1,0,1
735878,202,0,4978,-7251,1,0,1
735879,65535,255,3056,-7567,0,0,0
735880,215,0,261,-7665,1,0,1
735881,0,0,0,0,0,0,0
735882,65535,255,4790,9539,0,0,1
735883,65535,255,5456,-7135,0,0,0
735884,217,0,3799,-7384,1,0,1
735885,231,0,1282,-7644,1,0,1
735886,210,0,1737,9868,1,0,1
735887,65535,255,6812,-6676,0,0,1
735888,141,0,5756,9349,1,0,1
735889,160,0,4451,-7350,1,0,1
735890,65535,255,2236,-7585,0,0,0
735891,65535,255,736,10138,0,0,0
735892,65535,255,3462,9787,0,0,0
735893,65535,255,5310,9464,0,0,0
735894,65535,255,4984,-7233,0,0,0
735895,65535,255,3061,-7551,0,0,1
735896,65535,255,268,-7677,0,0,1
735897,130,2,2669,9762,1,0,0
735898,259,0,4796,9549,1,0,1
735899,194,0,5444,-7092,1,0,1
735900,65535,255,3784,-7439,0,0,0
735901,65535,255,1249,-7892,0,0,0
735902,0,0,0,0,0,0,0
735903,65535,255,4199,9644,0,0,0
735904,193,0,5779,9373,1,0,1
735905,222,0,4417,-7290,1,0,1
735906,70,0,2189,-7619,1,0,1
735907,161,0,776,10176,1,0,1
735908,239,0,3487,9784,1,0,1
735909,65535,255,5324,9456,0,0,0
735910,189,0,4970,-7214,1,0,1
735911,163,0,3042,-7501,1,0,1
735912,247,0,248,-6862,1,0,1
735913,246,0,2673,9869,1,0,1
735914,226,0,4797,9584,1,0,1
735915,0,0,0,0,0,0,0
735916,296,0,3796,-7473,1,0,1
735917,65535,255,1271,-7576,0,0,0
735918,194,0,1743,9877,1,0,1
735919,180,0,4178,9609,1,0,1
735920,151,0,5765,9372,1,0,1
735921,152,0,4441,-7304,1,0,1
735922,99,0,2221,-7533,1,0,1
735923,65535,255,742,10134,0,0,0
735924,261,0,3459,9762,1,0,1
735925,65535,255,5306,9426,0,0,0
735926,187,0,4991,-7209,1,0,0
735927,203,0,3074,-7543,1,0,1
735928,226,0,291,-8034,1,0,1
735929,65535,255,2639,9844,0,0,0
735930,65535,255,4777,9519,0,0,0
735931,65535,255,5464,-7152,0,0,0
735932,65535,255,3816,-7454,0,0,0
735933,218,0,1299,-7628,1,0,1
735934,280,0,1715,9974,1,0,1
735935,176,0,4160,9673,1,0,1
735936,225,0,5753,9362,1,0,1
735937,271,0,4454,-7321,1,0,1
735938,92,0,2241,-7618,1,0,1
735939,65535,255,725,9865,0,0,0
735940,263,0,3445,9803,1,0,1
735941,65535,255,5298,9433,0,0,0
735942,90,0,5000,-7239,1,0,0
735943,202,0,3085,-7516,1,0,1
735944,228,0,303,-7365,1,0,1
735945,297,0,2629,9822,1,0,1
735946,240,0,4771,9527,1,0,1
735947,65535,255,5469,-7104,0,0,0
735948,212,0,3823,-7406,1,0,1
735949,285,0,1311,-7551,1,0,1
735950,187,0,1710,9975,1,0,1
735951,65535,255,4156,9702,0,0,0
735952,415,0,5755,9333,1,0,1
735953,194,0,4457,-7301,1,0,1
735954,264,0,2246,-7631,1,0,1
735955,263,0,724,10092,1,0,1
735956,239,0,3449,9742,1,0,1
735957,286,0,5301,9466,1,0,1
735958,209,2,5000,-7250,1,0,1
735959,130,0,3083,-7541,1,0,1
735960,65535,255,297,-7249,0,0,0
735961,177,0,2634,9845,1,0,1
735962,442,0,4777,9567,1,0,1
735963,109,0,5463,-7083,1,0,1
735964,256,0,3815,-7399,1,0,1
735965,217,0,1299,-7627,1,0,1
735966,192,0,1726,9822,1,0,1
735967,178,0,4167,9666,1,0,1
735968,65535,255,5762,9391,0,0,0
735969,228,0,4447,-7309,1,0,1
735970,65535,255,2230,-7705,0,0,0
735971,65535,255,748,9736,0,0,0
735972,216,0,3466,9696,1,0,1
735973,252,0,5312,9489,1,0,0
735974,147,0,4990,-7252,1,0,1
735975,294,0,3065,-7583,1,0,1
735976,238,0,273,-7925,1,0,1
735977,142,0,2664,9771,1,0,1
735978,130,0,4793,9541,1,0,1
735979,83,0,5456,-7149,1,0,1
735980,322,0,3795,-7410,1,0,1
735981,65535,255,1265,-7759,0,0,0
735982,252,0,1759,9952,1,0,1
735983,248,0,4192,9629,1,0,1
735984,301,0,5777,9376,1,0,1
735985,203,0,4426,-7306,1,0,1
735986,220,0,2199,-7724,1,0,1
735987,65535,255,782,9917,0,0,0
735988,65535,255,3495,9754,0,0,0
735989,130,0,5332,9452,1,0,1
735990,281,0,4969,-7229,1,0,1
735991,65535,255,3032,-7559,0,0,0
735992,65535,255,232,-7802,0,0,0
735993,134,0,2698,9780,1,0,1
735994,306,0,4816,9560,1,0,1
735995,205,0,5435,-7102,1,0,1
735996,186,0,3767,-7468,1,0,1
735997,171,0,1220,-7573,1,0,1
735998,147,0,1803,9857,1,0,1
735999,320,0,4221,9611,1,0,1
736000,234,0,5793,9363,1,0,1
736001,249,0,4403,-7304,1,0,1
736002,282,0,2167,-7684,1,0,1
736003,274,0,811,9837,1,0,1
736004,305,0,3513,9743,1,0,1
736005,65535,255,5339,9450,0,0,0
736006,299,0,4960,-7225,1,0,1
736007,210,0,3022,-7560,1,0,1
736008,65535,255,226,-7943,0,0,0
736009,116,0,2698,9804,1,0,1
736010,138,0,4813,9578,1,0,1
736011,65535,255,5438,-7115,0,0,0
736012,246,0,3772,-7416,1,0,1
736013,225,0,1237,-7682,1,0,1
736014,65535,255,1781,9969,0,0,0
736015,61,0,4203,9648,1,0,1
736016,243,0,5784,9336,1,0,1
736017,273,0,4417,-7358,1,0,1
736018,187,0,2188,-7652,1,0,1
736019,65535,255,789,9834,0,0,0
736020,97,0,3496,9762,1,0,1
736021,237,0,5329,9477,1,0,1
736022,65535,255,4969,-7185,0,0,0
736023,252,0,3037,-7495,1,0,1
736024,165,0,239,-7388,1,0,1
736025,65535,255,2683,9794,0,0,0
736026,297,0,4803,9580,1,0,1
736027,65535,255,5443,-7128,0,0,0
736028,170,0,3780,-7411,1,0,1
736029,194,0,1254,-7893,1,0,1
736030,163,0,1771,9859,1,0,1
736031,207,0,4196,9629,1,0,1
736032,212,0,5780,9332,1,0,1
736033,264,0,4420,-7370,1,0,1
736034,253,0,2194,-7724,1,0,1
736035,260,0,782,10172,1,0,1
736036,65535,255,3492,9711,0,0,0
736037,169,0,5327,9457,1,0,1
736038,114,0,4969,-7260,1,0,1
736039,65535,255,3037,-7505,0,0,0
736040,65535,255,244,-7934,0,0,0
736041,65535,255,2678,9854,0,0,0
736042,246,0,4803,9540,1,0,1
736043,223,0,5441,-7109,1,0,1
736044,182,0,3776,-7395,1,0,1
736045,308,0,1248,-7894,1,0,1
736046,295,0,1776,9914,1,0,1
736047,175,0,4196,9663,1,0,1
736048,190,0,5780,9362,1,0,1
736049,65535,255,4417,-7332,0,0,0
736050,65535,255,2188,-7681,0,0,0
736051,294,0,788,10128,1,0,1
736052,65535,255,3496,9729,0,0,0
736053,65535,255,5330,9476,0,0,0
736054,65535,255,4964,-7212,0,0,0
736055,65535,255,3032,-7602,0,0,0
736056,119,0,232,-7516,1,0,1
736057,65535,255,2693,9852,0,0,0
736058,65535,255,4813,9550,0,0,0
736059,193,0,5433,-7134,1,0,1
736060,65535,255,3767,-7459,0,0,0
736061,249,0,1231,-7790,1,0,1
736062,191,0,1793,9876,1,0,1
736063,175,0,4211,9667,1,0,1
736064,65535,255,5787,9382,0,0,0
736065,65535,255,4406,-7364,0,0,0
736066,65535,255,2167,-7593,0,0,0
736067,294,0,811,9999,1,0,1
736068,165,2,3513,9726,1,0,1
736069,171,0,5343,9455,1,0,1
736070,231,0,4951,-7247,1,0,1
736071,65535,255,3009,-7539,0,0,0
736072,65535,255,201,-6805,0,0,0
736073,246,0,2718,9849,1,0,1
736074,189,0,4828,9564,1,0,1
736075,195,0,5422,-7156,1,0,1
736076,215,0,3743,-7399,1,0,1
736077,246,0,1197,-7656,1,0,1
736078,243,0,1826,9856,1,0,1
736079,200,0,4232,9685,1,0,1
736080,65535,255,5806,9335,0,0,0
736081,153,0,4383,-7331,1,0,1
736082,228,0,2131,-7537,1,0,1
736083,189,0,852,9961,1,0,1
736084,231,0,3547,9748,1,0,1
736085,65535,255,5362,9427,0,0,0
736086,172,0,4937,-7245,1,0,1
736087,98,0,2985,-7532,1,0,1
736088,237,0,179,-6461,1,0,1
736089,65535,255,2733,9825,0,0,0
736090,65535,255,4837,9546,0,0,0
736091,171,0,5419,-7133,1,0,0
736092,0,0,0,0,0,0,0
736093,65535,255,1203,-7875,0,0,0
736094,65535,255,1814,9983,0,0,0
736095,65535,255,4228,9618,0,0,0
736096,65535,255,5798,9355,0,0,0
736097,65535,255,4399,-7348,0,0,0
736098,257,0,2157,-7565,1,0,1
736099,271,0,817,10000,1,0,1
736100,205,0,3517,9744,1,0,1
736101,65535,255,5345,9436,0,0,0
736102,65535,255,4954,-7192,0,0,0
736103,143,0,3015,-7540,1,0,1
736104,65535,255,216,-8254,0,0,0
736105,186,0,2703,9793,1,0,1
736106,206,0,4819,9550,1,0,1
736107,179,0,5435,-7148,1,0,1
736108,128,0,3767,-7396,1,0,1
736109,174,0,1231,-7681,1,0,1
736110,207,0,1787,9895,1,0,1
736111,65535,255,4210,9601,0,0,0
736112,0,0,0,0,0,0,0
736113,159,0,4416,-7363,1,0,1
736114,175,0,2183,-7621,1,0,1
736115,65535,255,788,10260,0,0,0
736116,211,0,3496,9816,1,0,1
736117,65535,255,5331,9482,0,0,0
736118,65535,255,6520,9159,0,0,0
736119,110,0,3036,-7577,1,0,1
736120,309,0,238,-8073,1,0,1
736121,136,0,2683,9783,1,0,1
736122,166,0,4806,9552,1,0,1
736123,65535,255,6172,9264,0,0,0
736124,65535,255,3783,-7433,0,0,0
736125,65535,255,1253,-7839,0,0,0
736126,251,0,1765,10027,1,0,1
736127,170,0,4192,9658,1,0,1
736128,294,0,5779,9334,1,0,1
736129,65535,255,6820,9059,0,0,1
736130,241,0,2199,-7591,1,0,1
736131,65535,255,771,10217,0,0,0
736132,220,0,3487,9702,1,0,1
736133,65535,255,5324,9450,0,0,0
736134,166,0,6514,9174,1,0,1
736135,65535,255,3046,-7493,0,0,0
736136,224,2,258,-7024,1,0,1
736137,65535,255,2669,9916,0,0,0
736138,65535,255,4797,9536,0,0,0
736139,65535,255,6166,9257,0,0,0
736140,65535,255,3791,-7432,0,0,0
736141,135,0,1271,-7889,1,0,1
736142,65535,255,1754,9836,0,0,0
736143,219,0,4185,9700,1,0,1
736144,65535,255,5773,9360,0,0,0
736145,129,0,4431,-7297,1,0,1
736146,283,0,2208,-7683,1,0,1
736147,338,0,765,10047,1,0,1
736148,247,0,3475,9802,1,0,1
736149,108,0,5316,9486,1,0,0
736150,127,0,4978,-7187,1,0,1
736151,149,0,3056,-7502,1,0,1
736152,279,0,262,-7424,1,0,1
736153,200,0,2664,9772,1,0,1
736154,65535,255,4791,9566,0,0,0
736155,76,0,6163,9281,1,0,1
736156,163,0,3792,-7369,1,0,1
736157,162,2,1271,-7705,1,0,0
736158,65535,255,1748,9992,0,0,0
736159,65535,255,4181,9666,0,0,0
736160,65535,255,5771,9348,0,0,0
736161,65535,255,4430,-7284,0,0,0
736162,65535,255,2210,-7721,0,0,0
736163,65535,255,759,10091,0,0,0
736164,65535,255,3475,9810,0,0,0
736165,96,0,5316,9427,1,0,1
736166,65535,255,4979,-7214,0,0,0
736167,139,0,3056,-7563,1,0,1
736168,65535,255,268,-8297,0,0,0
736169,65535,255,2664,9868,0,0,0
736170,163,0,4791,9531,1,0,1
736171,114,0,5449,-7088,1,0,1
736172,65535,255,3792,-7463,0,0,0
736173,65535,255,1265,-7626,0,0,0
736174,65535,255,1754,9970,0,0,0
736175,65535,255,4182,9666,0,0,0
736176,142,0,5771,9348,1,0,0
736177,65535,255,4427,-7291,0,0,0
736178,65535,255,2205,-7531,0,0,0
736179,213,0,765,10219,1,0,1
736180,65535,255,3479,9714,0,0,0
736181,65535,255,5319,9455,0,0,0
736182,65535,255,4976,-7252,0,0,0
736183,122,0,3046,-7482,1,0,1
736184,157,0,256,-7416,1,0,1
736185,225,0,2669,9808,1,0,1
736186,143,0,4794,9594,1,0,1
736187,148,0,5447,-7143,1,0,1
736188,152,0,3788,-7447,1,0,1
736189,176,0,1259,-7599,1,0,1
736190,170,0,1759,9972,1,0,1
736191,154,0,4189,9672,1,0,1
736192,65535,255,5776,9360,0,0,0
736193,110,0,4423,-7317,1,0,1
736194,65535,255,2194,-7606,0,0,0
736195,65535,255,777,9833,0,0,0
736196,93,0,3488,9782,1,0,1
736197,67,0,5327,9420,1,0,1
736198,65535,255,4969,-7221,0,0,0
736199,65535,255,3042,-7596,0,0,0
736200,65535,255,246,-6988,0,0,0
736201,219,0,2683,9783,1,0,1
736202,108,0,4803,9587,1,0,0
736203,65535,255,5441,-7146,0,0,0
736204,65535,255,3779,-7456,0,0,0
736205,65535,255,1242,-7680,0,0,0
736206,65535,255,1776,10045,0,0,0
736207,65535,255,4201,9654,0,0,0
736208,65535,255,5782,9376,0,0,0
736209,85,0,4416,-7362,1,0,1
736210,104,0,2183,-7739,1,0,1
736211,65535,255,794,10253,0,0,0
736212,65535,255,3504,9746,0,0,0
736213,138,0,5334,9482,1,0,1
736214,232,0,4960,-7212,1,0,1
736215,65535,255,3028,-7588,0,0,0
736216,65535,255,223,-7049,0,0,0
736217,65535,255,2703,9805,0,0,0
736218,94,0,4819,9516,1,0,1
736219,224,0,5430,-7096,1,0,1
736220,96,0,3759,-7380,1,0,1
736221,67,0,1220,-7872,1,0,1
736222,91,0,1803,9895,1,0,1
736223,65535,255,4218,9661,0,0,0
736224,65535,255,5794,9365,0,0,0
736225,154,0,4399,-7340,1,0,1
736226,144,0,2162,-7713,1,0,1
736227,199,0,823,10204,1,0,1
736228,135,0,3525,9752,1,0,1
736229,145,0,5350,9448,1,0,1
736230,65535,255,4951,-7226,0,0,0
736231,108,0,3013,-7540,1,0,1
736232,140,0,209,-7482,1,0,1
736233,217,0,2713,9768,1,0,1
736234,0,0,0,0,0,0,0
736235,65535,255,5432,-7155,0,0,0
736236,65535,255,3763,-7421,0,0,0
736237,65535,255,1226,-7844,0,0,0
736238,407,2,1798,10040,1,0,1
736239,134,0,4214,9667,1,0,1
736240,65535,255,5791,9339,0,0,0
736241,166,0,4409,-7353,1,0,1
736242,196,0,2172,-7623,1,0,1
736243,65535,255,802,10140,0,0,0
736244,272,0,3509,9718,1,0,1
736245,505,0,5339,9441,1,0,1
736246,161,0,4962,-7213,1,0,1
736247,65535,255,3027,-7538,0,0,0
736248,255,0,226,-7799,1,0,1
736249,149,0,2698,9792,1,0,1
736250,170,0,4813,9574,1,0,1
736251,114,0,5437,-7110,1,0,1
736252,143,0,3775,-7490,1,0,1
736253,261,0,1237,-7680,1,0,1
736254,65535,255,1781,9950,0,0,0
736255,65535,255,4207,9648,0,0,0
736256,119,2,5786,9332,1,0,1
736257,65535,255,4416,-7351,0,0,0
736258,65535,255,2183,-7652,0,0,0
736259,65535,255,794,9834,0,0,0
736260,272,0,3500,9763,1,0,1
736261,65535,255,5332,9472,0,0,0
736262,65535,255,4966,-7261,0,0,0
736263,164,0,3032,-7484,1,0,1
736264,226,0,233,-7235,1,0,1
736265,182,0,2689,9782,1,0,1
736266,100,0,4810,9568,1,0,1
736267,92,0,5438,-7119,1,0,1
736268,164,0,3775,-7395,1,0,1
736269,198,0,1242,-7815,1,0,1
736270,259,0,1779,9920,1,0,1
736271,147,0,4204,9601,1,0,1
736272,65535,255,5782,9380,0,0,0
736273,0,0,0,0,0,0,0
736274,65535,255,2183,-7562,0,0,0
736275,65535,255,788,10045,0,0,0
736276,65535,255,3492,9756,0,0,0
736277,65535,255,5327,9449,0,0,0
736278,65535,255,4969,-7205,0,0,0
736279,65535,255,3037,-7483,0,0,0
736280,65535,255,251,-8093,0,0,0
736281,65535,255,2679,9843,0,0,0
736282,65535,255,4800,9576,0,0,0
736283,65535,255,5444,-7103,0,0,0
736284,144,0,3788,-7447,1,0,1
736285,65535,255,1259,-7864,0,0,0
736286,65535,255,1754,10028,0,0,0
736287,65535,255,4185,9658,0,0,0
736288,65535,255,5772,9358,0,0,0
736289,65535,255,4427,-7322,0,0,0
736290,65535,255,2205,-7545,0,0,0
736291,65535,255,765,10047,0,0,0
736292,298,0,3475,9775,1,0,1
736293,198,0,5317,9466,1,0,1
736294,190,0,4979,-7240,1,0,1
736295,65535,255,3056,-7574,0,0,0
736296,65535,255,267,-8049,0,0,0
736297,186,0,2659,9797,1,0,1
736298,65535,255,4787,9567,0,0,0
736299,205,0,5451,-7101,1,0,1
736300,201,0,3796,-7462,1,0,1
736301,134,0,1271,-7547,1,0,1
736302,176,0,1744,9842,1,0,1
736303,242,0,4174,9708,1,0,0
736304,65535,255,5766,9362,0,0,0
736305,65535,255,4434,-7295,0,0,0
736306,65535,255,2221,-7719,0,0,0
736307,122,2,753,9960,1,0,1
736308,177,0,3466,9777,1,0,1
736309,65535,255,5311,9472,0,0,0
736310,65535,255,4985,-7255,0,0,0
736311,100,2,3061,-7459,1,0,0
736312,209,0,277,-6838,1,0,1
736313,236,0,2654,9894,1,0,1
736314,179,0,4784,9527,1,0,1
736315,200,0,5454,-7127,1,0,1
736316,333,0,3800,-7437,1,0,1
736317,258,0,1280,-7783,1,0,1
736318,226,0,1743,9842,1,0,1
736319,65535,255,4175,9606,0,0,0
736320,95,0,5763,9376,1,0,1
736321,65535,255,4437,-7320,0,0,0
736322,129,0,2220,-7587,1,0,1
736323,300,0,748,10359,1,0,1
736324,65535,255,3467,9725,0,0,1
736325,156,0,5311,9453,1,0,1
736326,180,0,4984,-7244,1,0,1
736327,65535,255,3061,-7459,0,0,0
736328,83,0,270,-6937,1,0,1
736329,188,0,2654,9930,1,0,1
736330,65535,255,4787,9556,0,0,0
736331,120,0,5453,-7109,1,0,1
736332,399,0,3795,-7383,1,0,0
736333,65535,255,1276,-7781,0,0,0
736334,288,0,1743,10068,1,0,1
736335,250,0,4178,9702,1,0,1
736336,139,0,5770,9371,1,0,1
736337,272,0,4433,-7327,1,0,1
736338,218,0,2209,-7618,1,0,1
736339,126,0,760,9786,1,0,1
736340,182,0,3475,9769,1,0,1
736341,191,0,5318,9481,1,0,1
736342,122,0,4978,-7197,1,0,1
736343,175,0,3055,-7542,1,0,1
736344,226,0,262,-8310,1,0,1
736345,65535,255,2668,9881,0,0,0
736346,381,0,4797,9543,1,0,1
736347,97,0,5448,-7102,1,0,1
736348,65535,255,3791,-7375,0,0,0
736349,65535,255,1265,-7809,0,0,0
736350,65535,255,1766,9806,0,0,0
736351,65535,255,4192,9618,0,0,0
736352,183,0,5777,9354,1,0,1
736353,314,0,4426,-7366,1,0,1
736354,246,0,2199,-7721,1,0,1
736355,203,0,776,10175,1,0,1
736356,201,0,3492,9723,1,0,0
736357,164,0,5329,9460,1,0,1
736358,65535,255,4970,-7215,0,0,0
736359,268,0,3037,-7524,1,0,1
736360,302,0,239,-8211,1,0,1
736361,290,0,2688,9891,1,0,1
736362,238,0,4809,9553,1,0,1
736363,171,0,5440,-7117,1,0,1
736364,65535,255,3775,-7409,0,0,0
736365,184,0,1237,-7517,1,0,1
736366,82,0,1787,9934,1,0,1
736367,176,0,4206,9671,1,0,1
736368,299,0,5789,9368,1,0,1
736369,324,0,4409,-7337,1,0,1
736370,65535,255,2177,-7664,0,0,0
736371,90,0,805,10086,1,0,1
736372,65535,255,3513,9712,0,0,0
736373,199,0,5342,9463,1,0,1
736374,177,0,4956,-7190,1,0,1
736375,202,0,3017,-7557,1,0,0
736376,204,0,214,-6715,1,0,1
736377,202,0,2713,9770,1,0,1
736378,65535,255,4825,9595,0,0,0
736379,146,0,5426,-7108,1,0,1
736380,245,0,3753,-7435,1,0,1
736381,65535,255,1208,-7846,0,0,0
736382,237,0,1815,9895,1,0,1
736383,141,0,4228,9661,1,0,1
736384,264,0,5801,9369,1,0,1
736385,176,0,4390,-7309,1,0,1
736386,217,0,2146,-7549,1,0,1
736387,65535,255,835,10240,0,0,0
736388,255,0,3534,9709,1,0,1
736389,66,0,5353,9441,1,0,0
736390,345,0,4941,-7231,1,0,1
736391,358,0,2994,-7591,1,0,1
736392,177,0,188,-8846,1,0,1
736393,65535,255,2728,9886,0,0,0
736394,175,0,4838,9537,1,0,1
736395,174,0,5415,-7093,1,0,1
736396,180,0,3739,-7469,1,0,0
736397,237,0,1186,-7653,1,0,1
736398,231,0,1831,9966,1,0,1
736399,328,0,4239,9666,1,0,1
736400,145,0,5806,9351,1,0,1
736401,152,0,4379,-7291,1,0,1
736402,402,0,2125,-7535,1,0,1
736403,65535,255,852,10196,0,0,0
736404,138,0,3543,9716,1,0,1
736405,145,0,5362,9453,1,0,1
736406,156,0,4930,-7249,1,0,1
736407,175,0,2976,-7477,1,0,1
736408,65535,255,163,-7179,0,0,0
736409,202,0,2748,9803,1,0,1
736410,65535,255,4847,9585,0,0,0
736411,181,0,5406,-7143,1,0,0
736412,325,0,3719,-7440,1,0,1
736413,222,0,1164,-7539,1,0,1
736414,189,0,1847,9982,1,0,1
736415,435,0,4247,9698,1,0,0
736416,65535,255,5812,9323,0,0,0
736417,201,0,4373,-7368,1,0,1
736418,501,0,2120,-7550,1,0,1
736419,334,0,859,9806,1,0,1
736420,65535,255,3543,9794,0,0,0
736421,65535,255,5358,9445,0,0,0
736422,65535,255,4936,-7253,0,0,0
736423,145,0,2985,-7529,1,0,1
736424,243,0,183,-8880,1,0,1
736425,65535,255,2733,9781,0,0,0
736426,179,0,4836,9510,1,0,1
736427,146,0,5414,-7092,1,0,1
736428,139,0,3740,-7389,1,0,1
736429,249,0,1192,-7512,1,0,1
736430,336,0,1820,9985,1,0,1
736431,65535,255,4227,9640,0,0,0
736432,141,0,5798,9331,1,0,1
736433,141,0,4390,-7295,1,0,1
736434,137,0,2151,-7622,1,0,1
736435,65535,255,823,10044,0,0,0
736436,224,0,3522,9728,1,0,1
736437,130,0,5343,9486,1,0,1
736438,122,0,4948,-7228,1,0,1
736439,65535,255,3009,-7557,0,0,0
736440,199,0,207,-6823,1,0,1
736441,56,2,2713,9829,1,0,1
736442,65535,255,4823,9546,0,0,0
736443,122,0,5425,-7128,1,0,1
736444,334,0,3755,-7465,1,0,1
736445,234,0,1219,-7814,1,0,1
736446,65535,255,1798,9915,0,0,0
736447,65535,255,4214,9691,0,0,0
736448,65535,255,5789,9335,0,0,0
736449,154,0,4403,-7293,1,0,1
736450,65535,255,2167,-7635,0,0,0
736451,65535,255,806,10128,0,0,0
736452,122,0,3505,9765,1,0,1
736453,471,0,5338,9435,1,0,1
736454,65535,255,4960,-7259,0,0,0
736455,191,0,3022,-7565,1,0,1
736456,65535,255,222,-7199,0,0,0
736457,177,0,2698,9867,1,0,1
736458,156,2,4813,9571,1,0,1
736459,202,0,5433,-7116,1,0,1
736460,65535,255,3767,-7393,0,0,0
736461,0,0,0,0,0,0,0
736462,280,0,1784,9982,1,0,1
736463,0,0,0,0,0,0,0
736464,65535,255,5785,9378,0,0,0
736465,109,0,4413,-7284,1,0,1
736466,170,0,2183,-7633,1,0,1
736467,328,0,794,10172,1,0,1
736468,135,0,3500,9775,1,0,1
736469,156,0,5332,9451,1,0,1
736470,65535,255,4966,-7203,0,0,0
736471,65535,255,3032,-7461,0,0,0
736472,0,0,0,0,0,0,0
736473,65535,255,2689,9785,0,0,0
736474,65535,255,4810,9537,0,0,0
736475,65535,255,5441,-7134,0,0,0
736476,65535,255,3776,-7398,0,0,0
736477,65535,255,1243,-7543,0,0,0
736478,162,0,1776,10065,1,0,0
736479,119,0,4199,9660,1,0,1
736480,65535,255,5782,9387,0,0,0
736481,65535,255,4416,-7303,0,0,0
736482,65535,255,2188,-7692,0,0,0
736483,65535,255,789,9750,0,0,0
736484,65535,255,3496,9698,0,0,0
736485,205,0,5332,9485,1,0,1
736486,100,0,6520,9158,1,0,1
736487,65535,255,3037,-7563,0,0,0
736488,191,0,238,-7517,1,0,1
736489,121,0,2683,9917,1,0,1
736490,65535,255,4810,9520,0,0,0
736491,132,0,6175,9235,1,0,1
736492,237,0,3779,-7478,1,0,0
736493,65535,255,1243,-7542,0,0,0
736494,65535,255,1776,10054,0,0,0
736495,65535,255,4199,9666,0,0,0
736496,128,0,5782,9352,1,0,1
736497,65535,255,4420,-7315,0,0,0
736498,65535,255,2187,-7511,0,0,0
736499,204,0,788,9929,1,0,0
736500,65535,255,3496,9741,0,0,0
736501,167,0,5332,9442,1,0,1
736502,126,0,6520,9182,1,0,0
736503,0,0,0,0,0,0,0
736504,342,0,238,-7228,1,0,1
736505,344,0,2688,9857,1,0,1
736506,292,0,4809,9583,1,0,0
736507,65535,255,6174,9281,0,0,0
736508,65535,255,3775,-7455,0,0,0
736509,65535,255,1243,-7918,0,0,0
736510,65535,255,1776,10065,0,0,0
736511,65535,255,4203,9666,0,0,0
736512,170,0,5784,9331,1,0,1
736513,65535,255,4416,-7328,0,0,0
736514,172,0,2183,-7545,1,0,1
736515,126,0,794,10046,1,0,0
736516,164,0,3500,9775,1,0,1
736517,247,0,5334,9465,1,0,1
736518,65535,255,4963,-7225,0,0,0
736519,65535,255,3027,-7554,0,0,0
736520,145,0,232,-7656,1,0,1
736521,186,0,2691,9826,1,0,1
736522,65535,255,4813,9542,0,0,0
736523,163,0,5438,-7149,1,0,1
736524,65535,255,3771,-7415,0,0,0
736525,65535,255,1236,-7785,0,0,0
736526,65535,255,1787,9989,0,0,0
736527,65535,255,4207,9644,0,0,0
736528,65535,255,5784,9387,0,0,0
736529,65535,255,4410,-7316,0,0,0
736530,65535,255,2173,-7530,0,0,0
736531,65535,255,799,10047,0,0,0
736532,150,0,3504,9783,1,0,0
736533,65535,255,5335,9470,0,0,0
736534,65535,255,4957,-7242,0,0,0
736535,65535,255,3023,-7586,0,0,0
736536,174,0,221,-8238,1,0,1
736537,251,0,2703,9819,1,0,1
736538,65535,255,4816,9576,0,0,0
736539,156,0,5430,-7107,1,0,1
736540,65535,255,3760,-7473,0,0,0
736541,65535,255,1220,-7568,0,0,0
736542,65535,255,1798,9861,0,0,0
736543,135,0,4214,9648,1,0,1
736544,173,0,5790,9364,1,0,1
736545,65535,255,4396,-7286,0,0,0
736546,65535,255,2163,-7709,0,0,0
736547,65535,255,817,9923,0,0,0
736548,65535,255,3517,9755,0,0,0
736549,160,0,5343,9458,1,0,1
736550,134,0,4949,-7233,1,0,1
736551,183,0,3009,-7577,1,0,1
736552,65535,255,204,-8280,0,0,0
736553,65535,255,2713,9830,0,0,0
736554,108,0,4823,9580,1,0,1
736555,65535,255,6187,9231,0,0,0
736556,0,0,0,0,0,0,0
736557,123,0,1208,-7788,1,0,1
736558,65535,255,1814,10023,0,0,0
736559,65535,255,4225,9669,0,0,0
736560,65535,255,5797,9341,0,0,0
736561,65535,255,4390,-7364,0,0,0
736562,97,0,2146,-7652,1,0,1
736563,140,0,835,9804,1,0,1
736564,65535,255,3530,9745,0,0,0
736565,65535,255,5351,9457,0,0,0
736566,146,0,4939,-7235,1,0,1
736567,88,0,2995,-7589,1,0,1
736568,159,0,188,-8675,1,0,1
736569,224,0,2733,9863,1,0,1
736570,124,0,4838,9516,1,0,1
736571,65535,255,5414,-7140,0,0,0
736572,124,0,3731,-7413,1,0,1
736573,65535,255,1186,-7848,0,0,0
736574,65535,255,1831,10075,0,0,0
736575,65535,255,4240,9694,0,0,0
736576,122,2,5809,9360,1,0,1
736577,181,0,4373,-7297,1,0,1
736578,183,0,2120,-7545,1,0,1
736579,65535,255,858,10118,0,0,0
736580,109,0,3550,9710,1,0,1
736581,122,0,5365,9430,1,0,1
736582,65535,255,4927,-7210,0,0,0
736583,65535,255,2971,-7551,0,0,0
736584,152,0,157,-8197,1,0,1
736585,65535,255,2757,9838,0,0,0
736586,168,0,4854,9539,1,0,1
736587,65535,255,5403,-7133,0,0,0
736588,139,0,3723,-7406,1,0,1
736589,65535,255,1169,-7851,0,0,0
736590,65535,255,1845,9939,0,0,0
736591,125,0,4244,9660,1,0,1
736592,91,0,5809,9369,1,0,1
736593,65535,255,4379,-7308,0,0,0
736594,162,0,2130,-7562,1,0,1
736595,65535,255,846,10238,0,0,0
736596,65535,255,3538,9719,0,0,0
736597,100,0,5356,9452,1,0,1
736598,65535,255,4942,-7235,0,0,0
736599,133,0,2998,-7599,1,0,0
736600,65535,255,190,-6556,0,0,0
736601,130,0,2723,9924,1,0,1
736602,0,0,0,0,0,0,0
736603,143,0,5429,-7134,1,0,1
736604,65535,255,3763,-7458,0,0,0
736605,150,0,1225,-7761,1,0,1
736606,65535,255,1798,9859,0,0,0
736607,65535,255,4214,9662,0,0,1
736608,181,0,5789,9375,1,0,1
736609,0,0,0,0,0,0,0
736610,191,0,2178,-7532,1,0,1
736611,142,0,800,9796,1,0,1
736612,174,0,3501,9780,1,0,1
736613,273,0,5334,9463,1,0,1
736614,65535,255,4966,-7200,0,0,0
736615,206,0,3036,-7600,1,0,1
736616,162,0,238,-7656,1,0,1
736617,124,0,2683,9891,1,0,1
736618,65535,255,4806,9582,0,0,0
736619,150,0,5443,-7084,1,0,1
736620,65535,255,3783,-7392,0,0,0
736621,65535,255,1254,-7571,0,0,0
736622,65535,255,1765,10028,0,0,0
736623,0,0,0,0,0,0,0
736624,65535,255,5777,9357,0,0,0
736625,65535,255,4429,-7340,0,0,0
736626,65535,255,2204,-7530,0,0,0
736627,135,0,765,9831,1,0,1
736628,65535,255,3479,9698,0,0,0
736629,65535,255,5319,9476,0,0,0
736630,149,0,4981,-7223,1,0,1
736631,168,0,3055,-7500,1,0,1
736632,174,0,269,-8537,1,0,1
736633,65535,255,2659,9799,0,0,0
736634,293,0,4790,9545,1,0,1
736635,65535,255,5456,-7131,0,0,0
736636,140,0,3803,-7475,1,0,1
736637,249,2,1282,-7910,1,0,1
736638,65535,255,1737,10013,0,0,0
736639,65535,255,4175,9628,0,0,0
736640,65535,255,5765,9364,0,0,0
736641,215,0,4443,-7357,1,0,1
736642,161,0,2225,-7572,1,0,1
736643,65535,255,741,10048,0,0,0
736644,65535,255,3462,9752,0,0,0
736645,194,0,5308,9435,1,0,1
736646,65535,255,4990,-7188,0,0,0
736647,192,0,3074,-7598,1,0,1
736648,171,0,290,-7911,1,0,1
736649,164,0,2640,9889,1,0,1
736650,111,0,4778,9530,1,0,1
736651,65535,255,5461,-7125,0,0,0
736652,81,0,3811,-7473,1,0,0
736653,65535,255,1296,-7691,0,0,0
736654,65535,255,1721,10035,0,0,0
736655,296,0,4164,9650,1,0,1
736656,251,0,5756,9379,1,0,1
736657,217,0,4447,-7292,1,0,1
736658,247,0,2236,-7672,1,0,1
736659,65535,255,725,10370,0,0,0
736660,271,0,3450,9824,1,0,1
736661,141,0,5300,9480,1,0,1
736662,160,0,4996,-7241,1,0,1
736663,126,0,3083,-7556,1,0,1
736664,89,0,296,-7577,1,0,1
736665,123,0,2629,9923,1,0,1
736666,118,0,4771,9532,1,0,1
736667,65535,255,5464,-7128,0,0,0
736668,65535,255,3817,-7399,0,0,0
736669,202,0,1304,-7571,1,0,1
736670,170,0,1714,9919,1,0,1
736671,65535,255,4157,9672,0,0,0
736672,186,0,5753,9352,1,0,1
736673,133,0,4454,-7328,1,0,1
736674,169,0,2241,-7541,1,0,1
736675,97,0,725,10005,1,0,1
736676,65535,255,3445,9764,0,0,0
736677,76,0,5298,9452,1,0,1
736678,187,0,4997,-7213,1,0,1
736679,169,0,3083,-7516,1,0,1
736680,155,0,303,-7254,1,0,1
736681,94,0,2629,9887,1,0,1
736682,103,0,4768,9601,1,0,1
736683,65535,255,5466,-7123,0,0,0
736684,0,0,0,0,0,0,0
736685,112,0,1310,-7877,1,0,1
736686,190,0,1710,10056,1,0,1
736687,65535,255,4157,9665,0,0,0
736688,128,2,5753,9357,1,0,1
736689,65535,255,4454,-7334,0,0,0
736690,65535,255,2241,-7569,0,0,0
736691,144,0,724,10144,1,0,1
736692,149,0,3445,9790,1,0,1
736693,92,0,5298,9472,1,0,1
736694,88,0,4997,-7245,1,0,1
736695,44,0,3083,-7576,1,0,1
736696,144,2,302,-8016,1,0,1
736697,97,0,2634,9802,1,0,1
736698,72,2,4771,9567,1,0,1
736699,65535,255,5464,-7100,0,0,0
736700,90,2,3816,-7456,1,0,1
736701,29,2,1301,-7659,1,0,1
736702,162,0,1718,9985,1,0,1
736703,117,0,4160,9686,1,0,1
736704,225,0,5756,9350,1,0,1
736705,153,0,4450,-7360,1,0,1
736706,182,0,2236,-7642,1,0,1
736707,159,0,735,9880,1,0,1
736708,163,0,3454,9711,1,0,1
736709,109,0,5305,9432,1,0,1
736710,65535,255,4993,-7202,0,0,0
736711,84,0,3074,-7507,1,0,1
736712,155,0,291,-7342,1,0,1
736713,65535,255,2639,9923,0,0,0
736714,100,0,4780,9536,1,0,1
736715,133,0,5461,-7082,1,0,1
736716,166,0,3811,-7426,1,0,0
736717,156,0,1293,-7855,1,0,1
736718,143,0,1727,10055,1,0,1
736719,109,0,4170,9678,1,0,1
736720,65535,255,5762,9345,0,0,0
736721,74,0,4443,-7361,1,0,1
736722,65535,255,2225,-7658,0,0,0
736723,65535,255,748,9741,0,0,0
736724,148,0,3466,9736,1,0,1
736725,143,0,5313,9451,1,0,1
736726,111,0,4987,-7225,1,0,1
736727,101,0,3065,-7558,1,0,1
736728,129,0,279,-8037,1,0,1
736729,65535,255,2654,9824,0,0,0
736730,68,0,4790,9581,1,0,1
736731,152,0,5455,-7120,1,0,1
736732,0,0,0,0,0,0,0
736733,65535,255,1276,-7701,0,0,0
736734,207,0,1748,9977,1,0,1
736735,127,0,4181,9656,1,0,1
736736,123,0,5772,9335,1,0,1
736737,95,0,4433,-7350,1,0,1
736738,208,0,2209,-7644,1,0,1
736739,186,0,766,9747,1,0,1
736740,113,0,3479,9735,1,0,1
736741,65535,255,5321,9454,0,0,0
736742,153,0,4977,-7233,1,0,1
736743,133,0,3051,-7582,1,0,1
736744,65535,255,256,-8440,0,0,0
736745,133,0,2673,9859,1,0,1
736746,65535,255,4801,9551,0,0,0
736747,129,0,5448,-7141,1,0,1
736748,201,0,3783,-7422,1,0,1
736749,209,0,1254,-7862,1,0,1
736750,124,0,1770,9886,1,0,1
736751,132,0,4196,9702,1,0,1
736752,171,0,5782,9367,1,0,1
736753,303,0,4416,-7308,1,0,1
736754,65535,255,2183,-7544,0,0,0
736755,190,0,788,10173,1,0,1
736756,151,0,3500,9698,1,0,1
736757,114,0,5335,9432,1,0,1
736758,65535,255,4963,-7219,0,0,0
736759,155,0,3027,-7564,1,0,1
736760,254,0,227,-8227,1,0,1
736761,167,0,2698,9856,1,0,1
736762,153,0,4816,9519,1,0,1
736763,86,0,5432,-7145,1,0,1
736764,65535,255,3763,-7432,0,0,0
736765,65535,255,1222,-7655,0,0,0
736766,168,0,1798,9862,1,0,1
736767,224,0,4218,9624,1,0,1
736768,113,0,5792,9386,1,0,1
736769,147,0,4400,-7336,1,0,1
736770,213,0,2156,-7635,1,0,1
736771,173,0,824,9803,1,0,1
736772,155,0,3522,9756,1,0,1
736773,0,0,0,0,0,0,0
736774,44,0,4946,-7231,1,0,1
736775,155,2,2999,-7504,1,0,1
736776,65535,255,192,-7441,0,0,0
736777,65535,255,2728,9806,0,0,0
736778,97,0,4832,9584,1,0,1
736779,65535,255,5416,-7134,0,0,0
736780,137,0,3735,-7420,1,0,1
736781,193,2,1192,-7902,1,0,1
736782,65535,255,1832,9860,0,0,0
736783,65535,255,4236,9655,0,0,0
736784,65535,255,5805,9365,0,0,0
736785,110,0,4383,-7339,1,0,1
736786,144,0,2136,-7713,1,0,1
736787,195,0,841,10239,1,0,1
736788,65535,255,3535,9771,0,0,0
736789,65535,255,5355,9432,0,0,0
736790,122,0,4939,-7245,1,0,1
736791,65535,255,2989,-7516,0,0,0
736792,0,0,0,0,0,0,0
736793,153,0,2729,9771,1,0,0
736794,65535,255,4834,9515,0,0,0
736795,122,0,5414,-7095,1,0,1
736796,143,0,3739,-7395,1,0,1
736797,161,0,1192,-7566,1,0,1
736798,209,0,1820,10023,1,0,1
736799,107,0,4229,9615,1,0,1
736800,0,0,0,0,0,0,0
736801,129,0,4386,-7313,1,0,1
736802,119,0,2146,-7665,1,0,1
736803,65535,255,829,10165,0,0,0
736804,98,0,3526,9764,1,0,1
736805,65535,255,5349,9429,0,0,0
736806,127,0,4942,-7250,1,0,1
736807,131,0,2999,-7535,1,0,1
736808,65535,255,197,-6440,0,0,0
736809,229,0,2723,9819,1,0,1
736810,144,0,4829,9541,1,0,1
736811,175,0,5420,-7122,1,0,1
736812,76,0,3747,-7457,1,0,1
736813,200,0,1202,-7787,1,0,1
736814,128,0,1815,9897,1,0,1
736815,132,0,4225,9684,1,0,1
736816,113,0,5797,9345,1,0,1
736817,65535,255,4390,-7293,0,0,0
736818,65535,255,2151,-7635,0,0,0
736819,123,0,829,10165,1,0,1
736820,120,0,3526,9764,1,0,1
736821,143,0,5349,9439,1,0,1
736822,65535,255,4945,-7265,0,0,0
736823,148,0,2999,-7577,1,0,1
736824,161,0,192,-7273,1,0,1
736825,102,0,2718,9878,1,0,1
736826,94,0,4829,9575,1,0,1
736827,138,0,5419,-7101,1,0,1
736828,92,0,3743,-7394,1,0,0
736829,65535,255,1202,-7622,0,0,0
736830,111,0,1818,9926,1,0,1
736831,100,0,4229,9656,1,0,1
736832,96,0,5799,9376,1,0,1
736833,133,0,4389,-7300,1,0,1
736834,154,0,2146,-7621,1,0,1
736835,152,0,829,10124,1,0,1
736836,65535,255,3530,9764,0,0,0
736837,65535,255,5351,9444,0,0,0
736838,156,0,4942,-7195,1,0,1
736839,185,0,2996,-7539,1,0,1
736840,84,0,192,-8136,1,0,1
736841,119,0,2726,9821,1,0,1
736842,123,0,4835,9524,1,0,1
736843,65535,255,5419,-7123,0,0,0
736844,65535,255,3743,-7466,0,0,0
736845,155,0,1197,-7873,1,0,1
736846,132,0,1820,9988,1,0,1
736847,65535,255,4236,9629,0,0,0
736848,104,0,5804,9367,1,0,1
736849,76,0,4389,-7369,1,0,1
736850,65535,255,2141,-7606,0,0,0
736851,0,0,0,0,0,0,0
736852,101,0,3534,9772,1,0,1
736853,85,0,5357,9452,1,0,1
736854,105,0,6538,9134,1,0,1
736855,95,0,2989,-7474,1,0,1
736856,176,0,182,-8700,1,0,1
736857,65535,255,2738,9818,0,0,0
736858,65535,255,4841,9556,0,0,0
736859,104,0,6198,9257,1,0,1
736860,65535,255,3735,-7395,0,0,0
736861,132,0,1186,-7649,1,0,1
736862,120,0,1837,9860,1,0,1
736863,65535,255,4239,9689,0,0,0
736864,65535,255,5811,9340,0,0,0
736865,112,0,4379,-7333,1,0,1
736866,65535,255,2125,-7532,0,0,0
736867,0,0,0,0,0,0,0
736868,65535,255,3547,9745,0,0,0
736869,65535,255,5364,9437,0,0,0
736870,97,0,6542,9177,1,0,1
736871,65535,255,2975,-7464,0,0,0
736872,116,0,165,-8786,1,0,1
736873,65535,255,2752,9817,0,0,0
736874,65535,255,4849,9561,0,0,0
736875,65535,255,6202,9260,0,0,0
736876,119,0,3723,-7413,1,0,0
736877,123,0,1168,-7736,1,0,1
736878,65535,255,1853,9931,0,0,0
736879,65535,255,4254,9606,0,0,0
736880,65535,255,5816,9360,0,0,0
736881,65535,255,4369,-7366,0,0,0
736882,65535,255,2114,-7623,0,0,0
736883,65535,255,870,10194,0,0,0
736884,65535,255,3560,9803,0,0,0
736885,94,0,5373,9473,1,0,1
736886,76,2,4921,-7237,1,0,1
736887,70,2,2961,-7550,1,0,1
736888,146,0,146,-7328,1,0,1
736889,65535,255,2761,9929,0,0,0
736890,65535,255,4859,9531,0,0,0
736891,82,2,5397,-7133,1,0,0
736892,65535,255,3707,-7375,0,0,1
736893,65535,255,1146,-7621,0,0,0
736894,89,2,1870,9876,1,0,1
736895,65535,255,4261,9699,0,0,0
736896,65535,255,5810,-6997,0,0,0
736897,65535,255,4359,-7310,0,0,0
736898,65535,255,2099,-7579,0,0,0
736899,65535,255,882,9939,0,0,0
736900,65535,255,3565,9742,0,0,0
736901,65535,255,5370,9469,0,0,0
736902,65535,255,4921,-7259,0,0,0
736903,65535,255,2966,-7486,0,0,0
736904,65535,255,152,-7127,0,0,0
736905,92,0,2757,9805,1,0,1
736906,107,0,4850,9588,1,0,1
736907,96,0,5403,-7131,1,0,1
736908,118,0,3723,-7421,1,0,1
736909,74,0,1173,-7824,1,0,1
736910,107,0,1842,9878,1,0,1
736911,65535,255,4244,9640,0,0,1
736912,104,0,5810,9335,1,0,1
736913,65535,255,4376,-7365,0,0,0
736914,65535,255,2125,-7713,0,0,0
736915,65535,255,852,10082,0,0,0
736916,101,0,3543,9694,1,0,1
736917,65535,255,5357,9443,0,0,0
736918,65535,255,4933,-7234,0,0,0
736919,65535,255,2990,-7610,0,0,0
736920,65535,255,183,-6693,0,0,0
736921,115,0,2734,9771,1,0,1
736922,84,0,4835,9574,1,0,1
736923,64,0,5414,-7124,1,0,1
736924,91,0,3739,-7410,1,0,0
736925,65535,255,1197,-7900,0,0,0
736926,105,0,1820,9898,1,0,1
736927,65535,255,4229,9643,0,0,0
736928,65535,255,5798,9342,0,0,0
736929,65535,255,4386,-7280,0,0,0
736930,65535,255,2146,-7514,0,0,0
736931,144,2,829,10245,1,0,0
736932,65535,255,3522,9731,0,0,0
736933,0,0,0,0,0,0,0
736934,0,0,0,0,0,0,0
736935,65535,255,3004,-7565,0,0,0
736936,314,0,207,-8912,1,0,1
736937,112,0,2709,9927,1,0,1
736938,103,0,4823,9565,1,0,1
736939,94,2,5424,-7121,1,0,0
736940,150,0,3755,-7408,1,0,1
736941,153,0,1216,-7650,1,0,1
736942,65535,255,1798,9917,0,0,0
736943,65535,255,4215,9659,0,0,0
736944,102,0,5790,9353,1,0,1
736945,84,0,4399,-7303,1,0,1
736946,65535,255,2162,-7589,0,0,0
736947,65535,255,812,9842,0,0,0
736948,67,0,3509,9784,1,0,1
736949,86,0,5338,9428,1,0,1
736950,117,0,4957,-7224,1,0,1
736951,65535,255,3018,-7459,0,0,0
736952,65535,255,221,-7338,0,0,0
736953,65535,255,2699,9822,0,0,0
736954,88,0,4817,9520,1,0,1
736955,130,0,5430,-7091,1,0,1
736956,79,0,3763,-7367,1,0,1
736957,142,0,1231,-7810,1,0,1
736958,86,0,1787,9845,1,0,1
736959,125,0,4207,9640,1,0,1
736960,132,0,5787,9350,1,0,1
736961,65535,255,4409,-7307,0,0,0
736962,65535,255,2177,-7602,0,0,1
736963,65535,255,800,9923,0,0,0
736964,134,0,3501,9812,1,0,1
736965,169,0,5335,9448,1,0,1
736966,285,0,4972,-7258,1,0,1
736967,0,0,0,0,0,0,0
736968,173,2,250,-7272,1,0,0
736969,65535,255,2674,9868,0,0,0
736970,0,0,0,0,0,0,0
736971,95,0,5448,-7083,1,0,1
736972,91,0,3791,-7391,1,0,1
736973,110,0,1265,-7599,1,0,1
736974,65535,255,1756,9975,0,0,0
736975,65535,255,4185,9653,0,0,0
736976,65535,255,5770,9380,0,0,0
736977,0,0,0,0,0,0,0
736978,89,0,2214,-7632,1,0,1
736979,65535,255,759,10179,0,0,0
736980,105,0,3470,9777,1,0,1
736981,65535,255,5316,9448,0,0,0
736982,65535,255,4984,-7201,0,0,0
736983,65535,255,3060,-7459,0,0,0
736984,103,0,273,-8165,1,0,1
736985,0,0,0,0,0,0,0
736986,141,2,4787,9539,1,0,1
736987,65535,255,5458,-7135,0,0,0
736988,65535,255,3803,-7386,0,0,0
736989,65535,255,1282,-7546,0,0,0
736990,65535,255,1737,10069,0,0,0
736991,119,0,4174,9655,1,0,1
736992,106,0,5765,9382,1,0,1
736993,109,2,4443,-7293,1,0,1
736994,65535,255,2230,-7673,0,0,0
736995,65535,255,739,10112,0,0,0
736996,262,0,3459,9780,1,0,1
736997,92,0,5308,9479,1,0,1
736998,282,0,4993,-7242,1,0,1
736999,262,0,3074,-7558,1,0,1
737000,65535,255,290,-7573,0,0,0
737001,210,0,2644,9921,1,0,1
737002,122,0,4780,9536,1,0,1
737003,178,0,5463,-7125,1,0,1
737004,240,0,3813,-7451,1,0,1
737005,134,0,1293,-7546,1,0,1
737006,344,0,1722,10032,1,0,1
737007,195,0,4164,9671,1,0,1
737008,195,0,5759,9362,1,0,1
737009,197,0,4450,-7324,1,0,1
737010,162,0,2236,-7527,1,0,1
737011,209,0,730,9959,1,0,1
737012,191,0,3454,9754,1,0,1
737013,396,0,5303,9451,1,0,1
737014,276,0,4996,-7214,1,0,1
737015,182,0,3078,-7508,1,0,1
737016,83,0,292,-7120,1,0,1
737017,124,0,2639,9886,1,0,1
737018,282,0,4774,9600,1,0,1
737019,236,0,5463,-7124,1,0,1
737020,181,0,3815,-7390,1,0,1
737021,363,0,1299,-7598,1,0,1
737022,362,0,1721,9845,1,0,1
737023,455,0,4160,9699,1,0,1
737024,96,0,5759,9349,1,0,1
737025,211,0,4450,-7361,1,0,1
737026,135,0,2235,-7628,1,0,1
737027,156,0,731,10322,1,0,1
737028,561,0,3454,9701,1,0,1
737029,856,1,5300,9500,1,0,1
737030,166,0,4993,-7187,1,0,1
737031,370,0,3074,-7478,1,0,1
737032,524,0,293,-6892,1,0,1
737033,512,0,2639,9873,1,0,1
737034,65535,255,4775,9600,0,0,0
737035,65535,255,5464,-7123,0,0,0
737036,613,2,3811,-7379,1,0,1
737037,65535,255,1293,-7675,0,0,0
737038,802,1,1727,9921,1,0,1
737039,65535,255,4164,9623,0,0,0
737040,375,0,5759,9375,1,0,1
737041,143,0,4447,-7304,1,0,1
737042,65535,255,2231,-7512,0,0,0
737043,65535,255,736,10005,0,0,0
737044,427,0,3454,9781,1,0,1
737045,221,0,5303,9471,1,0,1
737046,238,0,4990,-7247,1,0,1
737047,381,0,3074,-7597,1,0,1
737048,65535,255,285,-8377,0,0,0
737049,636,0,2644,9849,1,0,1
737050,175,0,4778,9588,1,0,1
737051,272,0,5459,-7124,1,0,1
737052,65535,255,3803,-7380,0,0,0
737053,65535,255,1287,-7700,0,0,0
737054,461,0,1732,9959,1,0,1
737055,487,0,4171,9643,1,0,1
737056,275,0,5761,9391,1,0,1
737057,246,0,4440,-7337,1,0,1
737058,65535,255,2220,-7600,0,0,0
737059,800,0,748,10315,1,0,1
737060,507,0,3467,9709,1,0,1
737061,410,0,5312,9436,1,0,1
737062,183,0,4981,-7210,1,0,1
737063,65535,255,3060,-7539,0,0,0
737064,148,0,267,-7674,1,0,1
737065,211,0,2659,9788,1,0,1
737066,65535,255,4788,9569,0,0,0
737067,65535,255,5451,-7112,0,0,0
737068,439,0,3793,-7413,1,0,1
737069,894,0,1270,-7676,1,0,1
737070,220,0,1749,9938,1,0,1
737071,194,0,4182,9641,1,0,1
737072,321,0,5771,9350,1,0,1
737073,175,0,4430,-7344,1,0,1
737074,441,0,2204,-7631,1,0,1
737075,65535,255,772,9748,0,0,0
737076,463,0,3483,9742,1,0,1
737077,612,0,5321,9458,1,0,1
737078,209,0,4975,-7238,1,0,1
737079,284,2,3046,-7593,1,0,1
737080,82,2,252,-8585,1,0,1
737081,65535,255,2674,9883,0,0,0
737082,573,0,4804,9527,1,0,1
737083,485,0,5443,-7144,1,0,1
737084,567,0,3779,-7438,1,0,1
737085,65535,255,1250,-7631,0,0,0
737086,203,0,1776,9844,1,0,1
737087,65535,255,4200,9612,0,0,0
737088,428,0,5782,9379,1,0,1
737089,0,0,0,0,0,0,0
737090,215,0,2183,-7647,1,0,1
737091,410,0,795,9838,1,0,1
737092,752,0,3500,9767,1,0,1
737093,590,0,5335,9475,1,0,1
737094,568,0,4962,-7263,1,0,1
737095,217,0,3022,-7482,1,0,1
737096,614,0,222,-7193,1,0,1
737097,487,0,2704,9773,1,0,1
737098,338,0,4819,9565,1,0,1
737099,353,0,5432,-7117,1,0,1
737100,574,0,3759,-7385,1,0,1
737101,377,0,1219,-7759,1,0,1
737102,770,0,1798,10044,1,0,1
737103,230,0,4218,9684,1,0,1
737104,316,0,5794,9347,1,0,1
737105,452,0,4396,-7280,1,0,1
737106,167,0,2157,-7725,1,0,1
737107,283,0,823,10084,1,0,1
737108,288,0,3525,9708,1,0,1
737109,65535,255,5351,9434,0,0,0
737110,65535,255,4944,-7223,0,0,0
737111,65535,255,2999,-7578,0,0,0
737112,875,2,194,-8813,1,0,1
737113,406,2,2728,9888,1,0,1
737114,269,0,4838,9539,1,0,1
737115,302,0,5415,-7096,1,0,1
737116,223,0,3743,-7482,1,0,1
737117,65535,255,1185,-7679,0,0,0
737118,133,0,1831,10004,1,0,1
737119,165,0,4240,9675,1,0,1
737120,65535,255,5806,9374,0,0,0
737121,271,0,4382,-7346,1,0,1
737122,0,0,0,0,0,0,0
737123,204,0,846,10199,1,0,1
737124,65535,255,3538,9754,0,0,0
737125,65535,255,5356,9471,0,0,0
737126,316,0,4938,-7218,1,0,1
737127,179,0,2994,-7461,1,0,1
737128,300,0,186,-7432,1,0,1
737129,300,0,2728,9853,1,0,1
737130,160,0,4835,9545,1,0,1
737131,156,0,5418,-7119,1,0,1
737132,153,0,3747,-7426,1,0,1
737133,65535,255,1197,-7622,0,0,0
737134,390,0,1815,10042,1,0,1
737135,0,0,0,0,0,0,0
737136,26,0,5799,9341,1,0,1
737137,65535,255,4392,-7299,0,0,0
737138,65535,255,2151,-7620,0,0,0
737139,672,0,829,10004,1,0,1
737140,65535,255,3526,9704,0,0,0
737141,65535,255,5348,9468,0,0,0
737142,166,0,4948,-7200,1,0,1
737143,201,0,3008,-7587,1,0,0
737144,236,0,204,-7144,1,0,1
737145,273,0,2713,9843,1,0,1
737146,65535,255,4826,9547,0,0,0
737147,65535,255,5424,-7122,0,0,0
737148,65535,255,3755,-7440,0,0,0
737149,290,0,1214,-7704,1,0,1
737150,546,0,1810,9825,1,0,1
737151,260,0,4218,9644,1,0,1
737152,65535,255,5795,9360,0,0,0
737153,138,0,4399,-7336,1,0,0
737154,65535,255,2162,-7709,0,0,0
737155,620,0,812,10290,1,0,1
737156,459,0,3513,9774,1,0,1
737157,295,0,5344,9435,1,0,1
737158,393,0,4954,-7253,1,0,1
737159,244,0,3013,-7534,1,0,1
737160,601,0,215,-7494,1,0,1
737161,399,0,2709,9796,1,0,1
737162,0,0,0,0,0,0,0
737163,150,0,5427,-7111,1,0,1
737164,504,0,3759,-7432,1,0,1
737165,426,0,1219,-7676,1,0,1
737166,636,0,1799,9826,1,0,1
737167,65535,255,4215,9651,0,0,0
737168,326,0,5790,9369,1,0,1
737169,65535,255,4403,-7354,0,0,0
737170,65535,255,2162,-7544,0,0,0
737171,65535,255,812,9842,0,0,0
737172,65535,255,3514,9696,0,0,0
737173,397,0,5338,9470,1,0,1
737174,434,0,4954,-7214,1,0,1
737175,501,0,3013,-7471,1,0,1
737176,475,0,215,-8095,1,0,1
737177,412,0,2704,9927,1,0,1
737178,220,0,4818,9594,1,0,1
737179,362,0,5427,-7101,1,0,1
737180,65535,255,3759,-7415,0,0,0
737181,65535,255,1219,-7648,0,0,0
737182,774,0,1799,9826,1,0,1
737183,491,0,4211,9659,1,0,1
737184,65535,255,5788,9374,0,0,0
737185,65535,255,4403,-7373,0,0,0
737186,65535,255,2162,-7588,0,0,0
737187,404,0,811,10006,1,0,1
737188,165,0,3509,9732,1,0,1
737189,270,0,5340,9444,1,0,1
737190,0,0,0,0,0,0,0
737191,171,2,3013,-7543,1,0,1
737192,480,0,211,-7005,1,0,0
737193,231,0,2704,9856,1,0,1
737194,198,2,4821,9565,1,0,0
737195,65535,255,5425,-7129,0,0,0
737196,65535,255,3755,-7392,0,0,0
737197,65535,255,1214,-7595,0,0,0
737198,493,0,1799,9999,1,0,1
737199,65535,255,4218,9658,0,0,0
737200,65535,255,5792,9377,0,0,0
737201,65535,255,4396,-7279,0,0,0
737202,412,0,2162,-7633,1,0,1
737203,514,0,817,10168,1,0,1
737204,204,0,3518,9774,1,0,1
737205,310,0,5343,9450,1,0,1
737206,65535,255,4948,-7199,0,0,0
737207,151,0,3008,-7461,1,0,1
737208,837,0,204,-8440,1,0,1
737209,324,0,2714,9785,1,0,1
737210,159,0,4826,9536,1,0,1
737211,462,0,6188,9245,1,0,1
737212,65535,255,3751,-7488,0,0,0
737213,226,0,1208,-7538,1,0,1
737214,65535,255,1809,10044,0,0,0
737215,367,0,4225,9651,1,0,1
737216,503,0,5797,9381,1,0,1
737217,65535,255,4393,-7292,0,0,0
737218,65535,255,2151,-7665,0,0,0
737219,65535,255,829,10285,0,0,0
737220,65535,255,3526,9807,0,0,0
737221,346,0,5351,9473,1,0,0
737222,146,0,6532,9149,1,0,1
737223,65535,255,2999,-7535,0,0,0
737224,383,0,188,-6898,1,0,1
737225,287,0,2728,9877,1,0,1
737226,126,2,4835,9585,1,0,0
737227,0,0,0,0,0,0,0
737228,188,0,3743,-7442,1,0,1
737229,65535,255,1197,-7845,0,0,0
737230,625,0,1826,9987,1,0,1
737231,463,0,4236,9629,1,0,1
737232,65535,255,5803,9371,0,0,0
737233,271,0,4383,-7321,1,0,1
737234,65535,255,2135,-7651,0,0,0
737235,65535,255,847,10278,0,0,0
737236,279,0,3538,9792,1,0,1
737237,178,0,5359,9477,1,0,1
737238,65535,255,6539,9154,0,0,0
737239,466,0,2984,-7558,1,0,1
737240,352,0,169,-7387,1,0,0
737241,65535,255,2743,9920,0,0,0
737242,196,0,4847,9522,1,0,1
737243,65535,255,6200,9242,0,0,0
737244,65535,255,3731,-7491,0,0,0
737245,254,0,1175,-7565,1,0,1
737246,213,0,1848,9825,1,0,1
737247,65535,255,4247,9688,0,0,0
737248,65535,255,5813,9344,0,0,0
737249,65535,255,4372,-7340,0,0,0
737250,65535,255,2114,-7563,0,0,0
737251,0,0,0,0,0,0,0
737252,65535,255,3556,9778,0,0,0
737253,65535,255,5370,9460,0,0,0
737254,65535,255,4923,-7220,0,0,0
737255,356,0,2966,-7528,1,0,1
737256,65535,255,147,-6870,0,0,0
737257,65535,255,2762,9895,0,0,0
737258,65535,255,4859,9514,0,0,0
737259,65535,255,5402,-7151,0,0,0
737260,65535,255,3719,-7461,0,0,0
737261,65535,255,1163,-7678,0,0,0
737262,166,0,1853,10019,1,0,0
737263,65535,255,4251,9694,0,0,0
737264,65535,255,5816,9377,0,0,0
737265,65535,255,4369,-7334,0,0,0
737266,253,0,2114,-7653,1,0,1
737267,65535,255,869,9964,0,0,0
737268,65535,255,3553,9751,0,0,0
737269,238,0,5368,9441,1,0,1
737270,226,0,4929,-7235,1,0,1
737271,339,0,2975,-7464,1,0,1
737272,587,0,163,-7164,1,0,1
737273,238,0,2748,9817,1,0,0
737274,451,0,4847,9516,1,0,1
737275,290,0,5410,-7153,1,0,1
737276,191,0,3731,-7467,1,0,0
737277,65535,255,1180,-7705,0,0,0
737278,65535,255,1837,10057,0,0,0
737279,65535,255,4244,9607,0,0,0
737280,145,0,5807,9356,1,0,1
737281,228,0,4379,-7357,1,0,1
737282,65535,255,2130,-7727,0,0,0
737283,65535,255,847,10160,0,0,0
737284,65535,255,3539,9729,0,0,0
737285,125,2,5357,9472,1,0,0
737286,135,0,4936,-7184,1,0,1
737287,65535,255,2989,-7535,0,0,0
737288,65535,255,182,-8688,0,0,0
737289,65535,255,2728,9912,0,0,0
737290,65535,255,4836,9568,0,0,0
737291,65535,255,5413,-7128,0,0,0
737292,662,0,3739,-7434,1,0,1
737293,65535,255,1192,-7593,0,0,0
737294,253,0,1821,9987,1,0,1
737295,176,0,4229,9690,1,0,1
737296,531,0,5800,9380,1,0,1
737297,65535,255,4386,-7350,0,0,0
737298,65535,255,2146,-7710,0,0,0
737299,65535,255,835,10162,0,0,0
737300,409,0,3531,9730,1,0,1
737301,65535,255,5349,9474,0,0,0
737302,945,1,4939,-7199,1,0,1
737303,387,0,2999,-7565,1,0,1
737304,65535,255,197,-6429,0,0,0
737305,65535,255,2724,9772,0,0,0
737306,964,1,4830,9591,1,0,1
737307,476,0,5419,-7151,1,0,0
737308,232,0,3747,-7472,1,0,1
737309,275,0,1203,-7759,1,0,1
737310,237,0,1815,9825,1,0,1
737311,532,0,4226,9637,1,0,1
737312,128,0,5798,9347,1,0,1
737313,65535,255,4390,-7304,0,0,0
737314,206,2,2151,-7618,1,0,1
737315,65535,255,829,9965,0,0,0
737316,532,0,3527,9696,1,0,1
737317,65535,255,5346,9460,0,0,0
737318,65535,255,4944,-7195,0,0,0
737319,181,0,3003,-7544,1,0,1
737320,65535,255,207,-8906,0,0,0
737321,65535,255,2719,9773,0,0,0
737322,65535,255,4827,9598,0,0,0
737323,705,0,5419,-7088,1,0,1
737324,235,0,3747,-7369,1,0,1
737325,704,0,1208,-7867,1,0,1
737326,65535,255,1809,9898,0,0,0
737327,425,0,4222,9672,1,0,1
737328,280,0,5795,9374,1,0,1
737329,65535,255,4393,-7348,0,0,0
737330,65535,255,2171,-7691,0,0,0
737331,194,0,807,9836,1,0,1
737332,172,0,3505,9711,1,0,1
737333,346,0,5335,9443,1,0,1
737334,336,0,4963,-7254,1,0,1
737335,775,0,3027,-7577,1,0,1
737336,562,0,226,-7644,1,0,1
737337,345,0,2689,9925,1,0,1
737338,305,0,4811,9523,1,0,0
737339,252,0,5438,-7122,1,0,1
737340,171,0,3775,-7472,1,0,1
737341,448,2,1238,-7635,1,0,1
737342,804,2,1776,10062,1,0,1
737343,635,0,4200,9657,1,0,1
737344,324,0,5780,9386,1,0,1
737345,361,0,4416,-7304,1,0,1
737346,574,0,2188,-7708,1,0,1
737347,65535,255,789,9792,0,0,0
737348,65535,255,3492,9713,0,0,0
737349,196,0,5330,9420,1,0,1
737350,476,0,4971,-7244,1,0,1
737351,694,0,3041,-7605,1,0,0
737352,727,0,244,-8206,1,0,1
737353,65535,255,2679,9796,0,0,0
737354,288,0,4803,9553,1,0,1
737355,379,0,5443,-7108,1,0,1
737356,389,0,3783,-7416,1,0,1
737357,65535,255,1253,-7757,0,0,0
737358,504,0,1765,9954,1,0,1
737359,762,0,4196,9624,1,0,1
737360,438,0,5777,9370,1,0,1
737361,149,0,4423,-7284,1,0,1
737362,749,0,2199,-7633,1,0,1
737363,445,0,771,10131,1,0,1
737364,352,0,3483,9758,1,0,1
737365,260,0,5322,9437,1,0,1
737366,301,0,4977,-7216,1,0,1
737367,65535,255,3051,-7573,0,0,0
737368,65535,255,261,-7547,0,0,0
737369,539,2,2664,9894,1,0,1
737370,544,0,4794,9585,1,0,1
737371,65535,255,5450,-7096,0,0,0
737372,396,0,3795,-7414,1,0,1
737373,404,0,1270,-7677,1,0,1
737374,65535,255,1749,9843,0,0,0
737375,266,0,4181,9674,1,0,1
737376,247,0,5768,9376,1,0,1
737377,65535,255,4436,-7301,0,0,0
737378,65535,255,2219,-7674,0,0,0
737379,335,0,748,10314,1,0,1
737380,65535,255,3467,9804,0,0,0
737381,65535,255,5314,9463,0,0,0
737382,467,0,4986,-7217,1,0,1
737383,738,0,3065,-7499,1,0,1
737384,65535,255,281,-8623,0,0,0
737385,356,0,2649,9824,1,0,1
737386,65535,255,4784,9558,0,0,0
737387,302,0,5461,-7148,1,0,1
737388,225,0,3807,-7388,1,0,1
737389,287,0,1287,-7624,1,0,1
737390,65535,255,1732,9826,0,0,0
737391,743,0,4171,9676,1,0,1
737392,588,0,5760,9375,1,0,1
737393,65535,255,4446,-7311,0,0,0
737394,908,0,2231,-7716,1,0,1
737395,65535,255,743,9782,0,0,0
737396,65535,255,3458,9701,0,0,0
737397,301,0,5306,9489,1,0,1
737398,633,0,4993,-7252,1,0,1
737399,65535,255,3078,-7567,0,0,0
737400,567,0,290,-7681,1,0,1
737401,333,0,2639,9921,1,0,1
737402,239,0,4777,9534,1,0,1
737403,378,0,5463,-7124,1,0,1
737404,65535,255,3815,-7472,0,0,0
737405,239,0,1293,-7520,1,0,1
737406,170,0,1721,10054,1,0,1
737407,357,0,4164,9657,1,0,1
737408,310,0,5756,9388,1,0,1
737409,260,0,4450,-7310,1,0,1
737410,178,0,2241,-7714,1,0,1
737411,390,0,731,9824,1,0,1
737412,1066,1,3454,9728,1,0,1
737413,199,0,5303,9427,1,0,1
737414,247,0,4993,-7187,1,0,1
737415,65535,255,3079,-7457,0,0,0
737416,229,0,296,-8246,1,0,1
737417,429,0,2635,9813,1,0,1
737418,65535,255,4775,9560,0,0,0
737419,195,0,5464,-7086,1,0,1
737420,170,0,3815,-7417,1,0,1
737421,1167,1,1298,-7776,1,0,1
737422,868,1,1721,9959,1,0,1
737423,225,0,4161,9623,1,0,1
737424,444,0,5756,9371,1,0,1
737425,154,0,4450,-7284,1,0,1
737426,97,0,2236,-7671,1,0,1
737427,316,0,731,9734,1,0,1
737428,186,2,3450,9711,1,0,0
737429,512,0,5301,9467,1,0,1
737430,196,0,4993,-7186,1,0,1
737431,258,2,3078,-7467,1,0,1
737432,550,2,298,-8466,1,0,1
737433,319,0,2634,9838,1,0,1
737434,307,0,4775,9577,1,0,1
737435,65535,255,5461,-7105,0,0,0
737436,504,0,3811,-7456,1,0,1
737437,942,2,1299,-7905,1,0,1
737438,65535,255,1721,10054,0,0,0
737439,96,0,4164,9664,1,0,1
737440,65535,255,5757,9360,0,0,0
737441,337,0,4447,-7335,1,0,1
737442,424,0,2230,-7570,1,0,1
737443,65535,255,730,10143,0,0,0
737444,65535,255,3454,9790,0,0,0
737445,171,0,5303,9471,1,0,1
737446,0,0,0,0,0,0,0
737447,543,0,3072,-7522,1,0,1
737448,215,0,290,-8250,1,0,1
737449,65535,255,2644,9825,0,0,0
737450,621,1,4778,9577,1,0,1
737451,65535,255,5459,-7106,0,0,0
737452,772,1,3807,-7465,1,0,1
737453,65535,255,1288,-7544,0,0,0
737454,159,2,1733,9807,1,0,0
737455,65535,255,4167,9692,0,0,0
737456,237,0,5761,9349,1,0,1
737457,312,2,4440,-7279,1,0,1
737458,249,2,2225,-7672,1,0,1
737459,664,0,749,9785,1,0,1
737460,184,0,3463,9727,1,0,1
737461,32,0,5311,9441,1,0,1
737462,204,0,4987,-7209,1,0,1
737463,65535,255,3065,-7518,0,0,0
737464,480,0,273,-7431,1,0,1
737465,0,0,0,0,0,0,0
737466,250,0,4788,9541,1,0,1
737467,65535,255,5453,-7084,0,0,0
737468,65535,255,3799,-7427,0,0,0
737469,123,0,1276,-7857,1,0,1
737470,249,0,1743,10052,1,0,1
737471,468,0,4178,9676,1,0,1
737472,196,0,5768,9344,1,0,1
737473,65535,255,4437,-7362,0,0,0
737474,65535,255,2214,-7644,0,0,0
737475,2362,1,766,9745,1,0,1
737476,356,0,3475,9727,1,0,1
737477,65535,255,5319,9440,0,0,0
737478,362,0,4977,-7216,1,0,0
737479,65535,255,3051,-7540,0,0,0
737480,65535,255,255,-7667,0,0,0
737481,65535,255,2669,9787,0,0,0
737482,65535,255,4797,9563,0,0,0
737483,310,0,5448,-7103,1,0,1
737484,191,0,3791,-7467,1,0,1
737485,265,2,1259,-7596,1,0,1
737486,65535,255,1765,9882,0,0,0
737487,289,0,4196,9620,1,0,1
737488,65535,255,5777,9376,0,0,0
737489,189,2,4423,-7314,1,0,1
737490,118,2,2194,-7543,1,0,1
737491,722,0,783,10173,1,0,1
737492,65535,255,3492,9820,0,0,0
737493,322,0,5330,9465,1,0,1
737494,370,0,4965,-7197,1,0,1
737495,882,0,3032,-7511,1,0,1
737496,461,0,233,-7365,1,0,1
737497,87,2,2694,9762,1,0,1
737498,65535,255,4813,9560,0,0,0
737499,223,0,5437,-7101,1,0,1
737500,139,2,3771,-7471,1,0,1
737501,65535,255,1236,-7622,0,0,0
737502,282,0,1787,9917,1,0,1
737503,0,0,0,0,0,0,0
737504,272,0,5789,9375,1,0,1
737505,336,0,4405,-7335,1,0,1
737506,273,0,2167,-7604,1,0,1
737507,379,0,808,10104,1,0,1
737508,135,2,3513,9723,1,0,1
737509,311,0,5343,9450,1,0,1
737510,244,0,4953,-7232,1,0,1
737511,65535,255,3013,-7586,0,0,0
737512,201,0,210,-8580,1,0,1
737513,664,0,2714,9878,1,0,1
737514,251,0,4829,9524,1,0,1
737515,444,0,5424,-7151,1,0,1
737516,351,0,3751,-7442,1,0,1
737517,223,0,1203,-7511,1,0,1
737518,956,0,1820,9878,1,0,1
737519,65535,255,4229,9622,0,0,0
737520,330,0,5802,9384,1,0,1
737521,137,0,4386,-7332,1,0,1
737522,520,0,2140,-7621,1,0,1
737523,0,0,0,0,0,0,0
737524,348,0,3538,9745,1,0,1
737525,65535,255,5357,9461,0,0,0
737526,65535,255,4938,-7256,0,0,0
737527,65535,255,2989,-7506,0,0,0
737528,268,0,185,-7966,1,0,1
737529,621,0,2728,9865,1,0,1
737530,65535,255,4835,9540,0,0,0
737531,211,0,5418,-7099,1,0,1
737532,262,0,3743,-7378,1,0,1
737533,65535,255,1202,-7816,0,0,0
737534,65535,255,1821,9843,0,0,0
737535,65535,255,4229,9636,0,0,0
737536,245,0,5799,9342,1,0,1
737537,192,0,4392,-7286,1,0,1
737538,65535,255,2151,-7560,0,0,0
737539,65535,255,824,9723,0,0,1
737540,65535,255,3522,9773,0,0,0
737541,0,0,0,0,0,0,0
737542,168,0,4951,-7215,1,0,1
737543,65535,255,3013,-7596,0,0,0
737544,193,0,211,-7008,1,0,1
737545,579,0,2709,9808,1,0,1
737546,316,0,4822,9541,1,0,1
737547,201,2,5427,-7087,1,0,1
737548,65535,255,3759,-7487,0,0,0
737549,65535,255,1220,-7786,0,0,0
737550,641,0,1798,9844,1,0,1
737551,271,0,4211,9638,1,0,1
737552,0,0,0,0,0,0,0
737553,65535,255,4403,-7303,0,0,0
737554,202,0,2172,-7603,1,0,1
737555,65535,255,806,9882,0,0,0
737556,65535,255,3505,9810,0,0,0
737557,362,0,5336,9446,1,0,1
737558,193,0,4960,-7251,1,0,1
737559,136,0,3022,-7512,1,0,1
737560,727,1,227,-8378,1,0,1
737561,820,1,2694,9917,1,0,1
737562,65535,255,4811,9573,0,0,0
737563,65535,255,5435,-7138,0,0,0
737564,265,0,3771,-7453,1,0,1
737565,328,0,1236,-7703,1,0,1
737566,373,0,1776,10073,1,0,1
737567,409,0,4204,9626,1,0,1
737568,65535,255,5783,9345,0,0,0
737569,195,0,4413,-7301,1,0,1
737570,65535,255,2183,-7617,0,0,0
737571,444,0,789,9963,1,0,1
737572,514,0,3497,9699,1,0,1
737573,65535,255,5328,9463,0,0,0
737574,0,0,0,0,0,0,0
737575,181,0,3036,-7561,1,0,1
737576,65535,255,241,-6828,0,0,0
737577,191,0,2684,9799,1,0,1
737578,65535,255,4804,9522,0,0,0
737579,240,0,6172,9275,1,0,1
737580,0,0,0,0,0,0,0
737581,65535,255,1248,-7514,0,0,0
737582,435,2,1771,9975,1,0,0
737583,65535,255,4193,9696,0,0,0
737584,547,0,5778,9390,1,0,1
737585,144,0,4420,-7275,1,0,1
737586,65535,255,2193,-7572,0,0,0
737587,170,0,777,9835,1,0,1
737588,65535,255,3484,9822,0,0,0
737589,652,2,5325,9459,1,0,1
737590,197,0,6514,9175,1,0,1
737591,65535,255,3041,-7571,0,0,0
737592,65535,255,246,-6986,0,0,0
737593,855,1,2679,9824,1,0,1
737594,65535,255,4801,9534,0,0,0
737595,65535,255,6169,9288,0,0,0
737596,65535,255,3783,-7427,0,0,0
737597,226,0,1259,-7647,1,0,1
737598,65535,255,1760,10070,0,0,0
737599,116,0,4193,9628,1,0,1
737600,171,0,5776,9352,1,0,1
737601,65535,255,4426,-7324,0,0,0
737602,65535,255,2204,-7688,0,0,0
737603,65535,255,771,10221,0,0,0
737604,65535,255,3483,9761,0,0,0
737605,432,0,5325,9430,1,0,1
737606,550,0,4975,-7248,1,0,1
737607,65535,255,3046,-7519,0,0,0
737608,195,0,257,-8569,1,0,1
737609,121,0,2674,9776,1,0,1
737610,503,0,4800,9523,1,0,1
737611,498,2,6169,9280,1,0,0
737612,65535,255,3787,-7412,0,0,0
737613,482,0,1259,-7647,1,0,1
737614,65535,255,1760,10069,0,0,0
737615,65535,255,4189,9635,0,0,0
737616,454,0,5775,9361,1,0,1
737617,159,0,4429,-7337,1,0,1
737618,376,0,2203,-7705,1,0,1
737619,65535,255,772,9706,0,0,0
737620,658,0,3484,9803,1,0,1
737621,65535,255,5322,9455,0,0,0
737622,65535,255,4974,-7194,0,0,0
737623,65535,255,3051,-7590,0,0,0
737624,65535,255,255,-7398,0,0,0
737625,65535,255,2674,9870,0,0,0
737626,65535,255,4798,9569,0,0,0
737627,65535,255,5447,-7144,0,0,0
737628,65535,255,3786,-7365,0,0,0
737629,483,0,1264,-7909,1,0,1
737630,65535,255,1760,9973,0,0,0
737631,161,0,4189,9620,1,0,1
737632,178,0,5776,9342,1,0,1
737633,254,0,4425,-7319,1,0,1
737634,0,0,0,0,0,0,0
737635,65535,255,772,10304,0,0,0
737636,273,0,3484,9786,1,0,1
737637,65535,255,5325,9448,0,0,0
737638,65535,255,4974,-7188,0,0,0
737639,129,0,3046,-7580,1,0,1
737640,0,0,0,0,0,0,0
737641,65535,255,2674,9882,0,0,0
737642,261,0,4801,9574,1,0,1
737643,65535,255,5445,-7080,0,0,0
737644,218,0,3786,-7388,1,0,1
737645,65535,255,1258,-7567,0,0,0
737646,65535,255,1761,10048,0,0,0
737647,65535,255,4193,9633,0,0,0
737648,65535,255,5776,9363,0,0,0
737649,93,2,4426,-7350,1,0,1
737650,65535,255,2193,-7556,0,0,0
737651,548,0,778,9917,1,0,1
737652,65535,255,3489,9716,0,0,0
737653,61,2,5325,9482,1,0,1
737654,188,0,4971,-7233,1,0,1
737655,433,0,3040,-7518,1,0,1
737656,65535,255,248,-7503,0,0,0
737657,97,2,2680,9810,1,0,1
737658,65535,255,4801,9545,0,0,0
737659,192,0,5442,-7135,1,0,0
737660,0,0,0,0,0,0,0
737661,423,0,1253,-7911,1,0,1
737662,755,0,1772,10009,1,0,1
737663,560,0,4197,9626,1,0,1
737664,409,0,5779,9359,1,0,1
737665,369,0,4419,-7351,1,0,1
737666,120,0,2187,-7541,1,0,1
737667,437,0,789,9917,1,0,1
737668,554,0,3493,9724,1,0,1
737669,273,0,5328,9492,1,0,1
737670,212,0,4965,-7244,1,0,1
737671,770,0,3031,-7550,1,0,1
737672,241,0,233,-7069,1,0,1
737673,496,0,2685,9869,1,0,1
737674,150,0,4808,9573,1,0,1
737675,65535,255,5435,-7090,0,0,0
737676,146,0,3770,-7406,1,0,1
737677,0,0,0,0,0,0,0
737678,65535,255,1783,9861,0,0,0
737679,65535,255,4205,9679,0,0,0
737680,65535,255,5785,9332,0,0,0
737681,65535,255,4409,-7314,0,0,0
737682,487,0,2177,-7705,1,0,1
737683,663,0,802,9754,1,0,1
737684,65535,255,3506,9688,0,0,0
737685,612,0,5334,9481,1,0,1
737686,110,0,4959,-7234,1,0,1
737687,65535,255,3022,-7541,0,0,0
737688,182,0,221,-7030,1,0,0
737689,458,0,2700,9879,1,0,1
737690,157,0,4815,9583,1,0,1
737691,178,0,5429,-7101,1,0,0
737692,469,0,3758,-7439,1,0,1
737693,420,0,1224,-7809,1,0,1
737694,546,0,1777,9968,1,0,1
737695,219,0,4201,9622,1,0,1
737696,468,2,5845,-7000,1,0,1
737697,315,0,4414,-7345,1,0,1
737698,504,0,2187,-7649,1,0,1
737699,435,0,784,10294,1,0,1
737700,708,2,3493,9811,1,0,1
737701,65535,255,5329,9478,0,0,0
737702,125,0,4968,-7242,1,0,1
737703,65535,255,3036,-7564,0,0,0
737704,595,0,243,-7781,1,0,0
737705,117,0,2680,9769,1,0,1
737706,856,0,4805,9540,1,0,1
737707,65535,255,5442,-7144,0,0,0
737708,240,0,3778,-7393,1,0,1
737709,65535,255,1252,-7677,0,0,0
737710,65535,255,1766,9896,0,0,0
737711,492,0,4194,9610,1,0,1
737712,316,0,5777,9360,1,0,1
737713,65535,255,4422,-7353,0,0,0
737714,65535,255,2197,-7647,0,0,0
737715,65535,255,776,10056,0,0,0
737716,153,2,3488,9697,1,0,1
737717,193,0,5323,9450,1,0,1
737718,168,0,4972,-7182,1,0,1
737719,204,0,3041,-7460,1,0,1
737720,269,0,257,-8569,1,0,1
737721,188,0,2674,9844,1,0,1
737722,154,0,4797,9583,1,0,1
737723,65535,255,5445,-7115,0,0,0
737724,771,0,3787,-7479,1,0,1
737725,169,0,1259,-7571,1,0,1
737726,201,0,1766,9842,1,0,1
737727,353,0,4189,9700,1,0,1
737728,446,0,5775,9357,1,0,1
737729,0,0,0,0,0,0,0
737730,0,0,0,0,0,0,0
737731,65535,255,771,9875,0,0,0
737732,473,0,3484,9749,1,0,1
737733,409,0,5324,9451,1,0,1
737734,65535,255,4974,-7224,0,0,0
737735,847,0,3046,-7553,1,0,1
737736,253,0,255,-7794,1,0,1
737737,211,0,2674,9785,1,0,1
737738,65535,255,4800,9561,0,0,0
737739,790,0,5445,-7101,1,0,1
737740,65535,255,3787,-7462,0,0,0
737741,65535,255,1259,-7544,0,0,0
737742,1107,0,1765,9843,1,0,1
737743,608,0,4189,9708,1,0,1
737744,65535,255,5777,9362,0,0,0
737745,65535,255,4423,-7290,0,0,0
737746,1088,0,2199,-7721,1,0,1
737747,1488,1,777,9962,1,0,1
737748,780,0,3488,9776,1,0,1
737749,65535,255,5324,9471,0,0,0
737750,65535,255,4974,-7251,0,0,0
737751,65535,255,3042,-7450,0,0,0
737752,65535,255,252,-8719,0,0,0
737753,563,0,2678,9880,1,0,1
737754,740,0,4804,9526,1,0,1
737755,139,2,5445,-7142,1,0,0
737756,546,0,3783,-7423,1,0,1
737757,729,0,1254,-7863,1,0,1
737758,65535,255,1771,10065,0,0,0
737759,65535,255,4196,9693,0,0,0
737760,163,0,5780,9357,1,0,1
737761,317,0,4419,-7291,1,0,1
737762,502,0,2193,-7736,1,0,1
737763,1074,0,788,10046,1,0,1
737764,749,0,3496,9800,1,0,1
737765,308,0,5330,9490,1,0,1
737766,65535,255,4966,-7193,0,0,0
737767,65535,255,3032,-7512,0,0,0
737768,793,0,232,-7513,1,0,1
737769,195,0,2689,9784,1,0,1
737770,514,0,4810,9571,1,0,1
737771,324,0,5438,-7116,1,0,1
737772,402,0,3771,-7378,1,0,1
737773,622,0,1236,-7731,1,0,1
737774,65535,255,1782,10009,0,0,0
737775,1637,1,4207,9672,1,0,1
737776,500,0,5787,9348,1,0,1
737777,65535,255,4409,-7289,0,0,0
737778,497,0,2178,-7724,1,0,1
737779,1356,1,805,10045,1,0,1
737780,594,0,3505,9808,1,0,1
737781,248,0,5339,9447,1,0,1
737782,36,2,4956,-7205,1,0,0
737783,65535,255,3018,-7535,0,0,0
737784,65535,255,214,-7950,0,0,0
737785,164,0,2704,9830,1,0,1
737786,794,0,4820,9585,1,0,1
737787,171,0,5427,-7137,1,0,1
737788,1101,0,3755,-7426,1,0,1
737789,188,0,1220,-7897,1,0,1
737790,187,0,1804,9842,1,0,1
737791,450,0,4222,9615,1,0,0
737792,779,0,5795,9384,1,0,1
737793,318,0,4396,-7338,1,0,1
737794,1110,0,2151,-7636,1,0,1
737795,65535,255,830,9803,0,0,0
737796,65535,255,3526,9763,0,0,0
737797,65535,255,5349,9477,0,0,0
737798,0,0,0,0,0,0,0
737799,997,0,2994,-7464,3,0,0
737800,265,0,189,-6747,1,0,1
737801,65535,255,2727,9814,0,0,0
737802,1286,1,4835,9567,1,0,1
737803,386,0,5416,-7117,1,0,1
737804,651,0,3735,-7389,1,0,1
737805,163,0,1191,-7794,1,0,1
737806,65535,255,1826,10043,0,0,0
737807,324,0,4238,9632,1,0,1
737808,543,0,5805,9378,1,0,1
737809,421,0,4379,-7335,1,0,1
737810,169,0,2130,-7625,1,0,1
737811,395,0,859,9853,1,0,1
737812,518,0,3543,9770,1,0,1
737813,65535,255,5363,9426,0,0,0
737814,230,0,4933,-7232,1,0,1
737815,817,0,2980,-7487,1,0,1
737816,65535,255,174,-7988,0,0,0
737817,190,2,2734,9888,1,0,0
737818,65535,255,4839,9566,0,0,0
737819,415,0,5413,-7136,1,0,1
737820,161,0,3739,-7453,1,0,1
737821,480,0,1191,-7739,1,0,1
737822,65535,255,1826,9826,0,0,0
737823,159,0,4233,9642,1,0,1
737824,65535,255,5802,9357,0,0,0
737825,198,0,4386,-7328,1,0,1
737826,65535,255,2146,-7699,0,0,1
737827,585,0,835,10206,1,0,1
737828,383,0,3526,9755,1,0,1
737829,467,0,5352,9424,1,0,0
737830,360,0,4945,-7234,1,0,1
737831,686,0,2998,-7495,1,0,1
737832,192,0,197,-8144,1,0,1
737833,292,0,2719,9914,1,0,1
737834,65535,255,4826,9581,0,0,0
737835,388,0,5424,-7152,1,0,0
737836,389,0,3753,-7449,3,0,0
737837,222,0,1214,-7874,3,0,0
737838,147,0,1804,9936,1,0,1
737839,503,0,4218,9691,1,0,1
737840,266,0,5793,9360,1,0,1
737841,65535,255,4396,-7310,0,0,0
737842,134,0,2162,-7577,1,0,1
737843,309,0,818,9927,1,0,1
737844,574,0,3518,9705,1,0,1
737845,24,0,5341,9470,1,0,1
737846,100,0,4954,-7205,1,0,1
737847,65535,255,3016,-7552,0,0,0
737848,327,2,215,-7657,1,0,1
737849,142,0,2703,9880,1,0,1
737850,54,0,4820,9571,1,0,1
737851,176,0,5432,-7145,1,0,1
737852,122,0,3763,-7480,1,0,1
737853,939,0,1225,-7870,1,0,1
737854,180,0,1793,9936,1,0,1
737855,213,0,4211,9694,1,0,1
737856,239,0,5790,9331,1,0,1
737857,230,0,4406,-7292,1,0,1
737858,65535,255,2172,-7620,0,0,0
737859,191,0,800,10051,1,0,1
737860,129,2,3505,9733,1,0,1
737861,163,2,5335,9490,1,0,1
737862,212,0,4959,-7231,1,0,1
737863,498,0,3022,-7503,1,0,1
737864,449,0,227,-8536,1,0,1
737865,380,0,2699,9775,1,0,1
737866,124,0,4814,9520,1,0,1
737867,422,0,5434,-7110,1,0,1
737868,180,0,3771,-7424,1,0,1
737869,327,0,1236,-7705,1,0,1
737870,65535,255,1788,9845,0,0,0
737871,170,0,4208,9659,1,0,1
737872,135,0,5785,9375,1,0,1
737873,266,0,4413,-7372,1,0,1
737874,65535,255,2177,-7574,0,0,0
737875,65535,255,794,9966,0,0,0
737876,148,0,3501,9724,1,0,1
737877,365,0,5332,9491,1,0,1
737878,65535,255,4962,-7235,0,0,0
737879,514,0,3027,-7522,1,0,1
737880,278,2,234,-8343,1,0,1
737881,65535,255,2694,9810,0,0,0
737882,149,0,4810,9544,1,0,1
737883,150,0,5437,-7129,1,0,1
737884,166,0,3774,-7470,1,0,1
737885,164,0,1242,-7865,1,0,1
737886,282,0,1782,9974,1,0,1
737887,184,0,4204,9612,1,0,1
737888,221,0,5785,9350,1,0,1
737889,65535,255,4413,-7334,0,0,0
737890,65535,255,2178,-7559,0,0,0
737891,158,0,795,9799,1,0,1
737892,195,0,3501,9699,1,0,1
737893,343,0,5332,9481,1,0,1
737894,239,0,4962,-7230,1,0,1
737895,132,0,3027,-7513,1,0,1
737896,65535,255,231,-6643,0,0,0
737897,556,0,2694,9834,1,0,1
737898,140,0,4811,9555,1,0,1
737899,65535,255,5437,-7148,0,0,0
737900,119,0,3771,-7384,1,0,1
737901,225,0,1236,-7595,1,0,1
737902,320,0,1782,10044,1,0,1
737903,664,0,4208,9660,1,0,1
737904,442,0,5785,9384,1,0,1
737905,145,2,4409,-7290,1,0,1
737906,65535,255,2177,-7663,0,0,0
737907,444,0,800,10257,1,0,1
737908,118,0,3501,9794,1,0,1
737909,154,0,5335,9462,1,0,1
737910,300,0,4959,-7219,1,0,1
737911,317,0,3022,-7502,1,0,1
737912,843,1,225,-7146,1,0,1
737913,188,0,2699,9833,1,0,1
737914,65535,255,4814,9566,0,0,0
737915,65535,255,5430,-7087,0,0,0
737916,65535,255,3763,-7408,0,0,0
737917,0,0,0,0,0,0,0
737918,65535,255,1793,9881,0,0,0
737919,735,1,4211,9700,1,0,0
737920,239,0,5790,9344,1,0,1
737921,65535,255,4403,-7342,0,0,0
737922,125,0,2167,-7544,1,0,1
737923,957,1,812,10007,1,0,1
737924,65535,255,3513,9749,0,0,0
737925,152,0,5341,9441,1,0,0
737926,65535,255,4953,-7198,0,0,0
737927,65535,255,3013,-7472,0,0,0
737928,283,0,217,-8719,1,0,1
737929,654,0,2709,9832,1,0,1
737930,241,0,4821,9565,1,0,1
737931,65535,255,5424,-7088,0,0,0
737932,65535,255,3755,-7424,0,0,0
737933,65535,255,1214,-7760,0,0,0
737934,403,0,1804,9954,1,0,1
737935,65535,255,4222,9617,0,0,0
737936,357,0,5795,9364,1,0,1
737937,65535,255,4395,-7368,0,0,0
737938,661,0,2151,-7650,1,0,1
737939,304,0,824,10288,1,0,1
737940,287,2,3524,9744,1,0,1
737941,65535,255,5346,9484,0,0,0
737942,121,0,4945,-7249,1,0,1
737943,416,0,2998,-7588,1,0,1
737944,145,0,191,-7970,1,0,1
737945,188,0,2724,9785,1,0,1
737946,65535,255,4833,9547,0,0,0
737947,310,0,6191,9259,1,0,1
737948,284,0,3739,-7411,1,0,1
737949,98,0,1196,-7734,1,0,1
737950,65535,255,1826,9951,0,0,0
737951,65535,255,4233,9622,0,0,0
737952,65535,255,5802,9371,0,0,0
737953,65535,255,4382,-7288,0,0,0
737954,155,0,2135,-7683,1,0,1
737955,183,0,847,9811,1,0,1
737956,65535,255,3539,9721,0,0,0
737957,224,0,5360,9433,1,0,1
737958,65535,255,6537,9178,0,0,0
737959,65535,255,2980,-7485,0,0,0
737960,65535,255,175,-6258,0,0,0
737961,65535,255,2743,9864,0,0,0
737962,65535,255,4844,9595,0,0,0
737963,65535,255,6201,9234,0,0,0
737964,65535,255,3727,-7484,0,0,0
737965,65535,255,1169,-7593,0,0,0
737966,65535,255,1848,9843,0,0,0
737967,120,0,4248,9634,1,0,1
737968,65535,255,5812,9344,0,0,0
737969,65535,255,4372,-7289,0,0,0
737970,65535,255,2119,-7578,0,0,0
737971,65535,255,859,9812,0,0,0
737972,65535,255,3547,9787,0,0,0
737973,134,0,5363,9428,1,0,0
737974,65535,255,4933,-7230,0,0,0
737975,65535,255,2980,-7465,0,0,0
737976,65535,255,169,-7198,0,0,0
737977,65535,255,2739,9830,0,0,0
737978,431,0,4844,9529,1,0,1
737979,218,0,5410,-7096,1,0,1
737980,65535,255,3731,-7380,0,0,0
737981,65535,255,1185,-7848,0,0,0
737982,65535,255,1832,9880,0,0,0
737983,0,0,0,0,0,0,0
737984,65535,255,5804,9358,0,0,0
737985,156,0,4382,-7313,1,0,1
737986,190,0,2140,-7637,1,0,1
737987,679,2,841,10006,1,0,1
737988,65535,255,3535,9694,0,0,0
737989,65535,255,5355,9457,0,0,0
737990,65535,255,4941,-7261,0,0,0
737991,644,0,2993,-7536,1,0,1
737992,65535,255,187,-8671,0,0,0
737993,252,0,2729,9923,1,0,0
737994,160,0,4835,9573,1,0,1
737995,217,0,5420,-7138,1,0,1
737996,65535,255,3746,-7457,0,0,0
737997,65535,255,1201,-7704,0,0,0
737998,65535,255,1818,9983,0,0,0
737999,65535,255,4230,9629,0,0,0
738000,404,2,5800,9345,1,0,1
738001,230,0,4392,-7299,1,0,1
738002,232,0,2150,-7605,1,0,1
738003,65535,255,829,9925,0,0,1
738004,65535,255,3527,9687,0,0,0
738005,65535,255,5350,9453,0,0,0
738006,65535,255,4946,-7257,0,0,0
738007,65535,255,3003,-7545,0,0,0
738008,65535,255,200,-8942,0,0,0
738009,65535,255,2719,9771,0,0,0
738010,241,0,4827,9591,1,0,1
738011,65535,255,5423,-7084,0,0,0
738012,65535,255,3752,-7446,0,0,0
738013,215,0,1213,-7841,1,0,1
738014,65535,255,1810,9897,0,0,1
738015,65535,255,4223,9664,0,0,0
738016,495,0,5795,9372,1,0,1
738017,0,0,0,0,0,0,0
738018,65535,255,2156,-7724,0,0,0
738019,0,0,0,0,0,0,0
738020,65535,255,3518,9764,0,0,0
738021,65535,255,5347,9425,0,0,0
738022,65535,255,4950,-7232,0,0,0
738023,151,0,3007,-7481,1,0,1
738024,734,0,202,-8106,1,0,1
738025,65535,255,2709,9901,0,0,0
738026,65535,255,4824,9569,0,0,0
738027,174,0,5426,-7140,1,0,1
738028,194,0,3758,-7471,1,0,1
738029,65535,255,1218,-7784,0,0,0
738030,619,0,1805,9879,1,0,1
738031,519,0,4219,9664,1,0,1
738032,65535,255,5794,9368,0,0,0
738033,65535,255,4398,-7348,0,0,0
738034,566,0,2161,-7739,1,0,1
738035,65535,255,813,10329,0,0,0
738036,329,0,3514,9783,1,0,1
738037,699,0,5345,9440,1,0,1
738038,174,0,4953,-7253,1,0,1
738039,261,0,3012,-7533,1,0,1
738040,65535,255,211,-8341,0,0,0
738041,647,0,2710,9796,1,0,1
738042,370,0,4821,9524,1,0,1
738043,151,0,5426,-7103,1,0,1
738044,628,0,3754,-7416,1,0,1
738045,65535,255,1213,-7620,0,0,0
738046,453,0,1799,10062,1,0,1
738047,65535,255,4216,9630,0,0,0
738048,65535,255,5791,9352,0,0,0
738049,309,0,4398,-7329,1,0,1
738050,588,0,2161,-7707,1,0,1
738051,269,0,818,10247,1,0,0
738052,191,0,3514,9774,1,0,1
738053,416,0,5342,9441,1,0,1
738054,65535,255,4950,-7259,0,0,0
738055,258,2,3007,-7554,1,0,1
738056,65535,255,205,-6812,0,0,0
738057,65535,255,2710,9832,0,0,0
738058,193,0,6513,-6793,1,0,1
738059,354,0,5434,-7152,1,0,1
738060,535,0,3766,-7419,1,0,1
738061,392,0,1235,-7788,1,0,1
738062,65535,255,1783,9987,0,0,0
738063,478,0,4205,9642,1,0,1
738064,65535,255,5784,9383,0,0,0
738065,97,2,4409,-7313,1,0,1
738066,65535,255,2177,-7518,0,0,0
738067,147,0,795,10000,1,0,1
738068,65535,255,3497,9772,0,0,0
738069,606,0,5332,9468,1,0,1
738070,65535,255,4962,-7239,0,0,0
738071,178,0,3031,-7566,1,0,1
738072,65535,255,231,-8079,0,0,0
738073,353,0,2690,9806,1,0,1
738074,65535,255,4809,9569,0,0,0
738075,305,0,5437,-7103,1,0,1
738076,277,0,3774,-7465,1,0,1
738077,65535,255,1236,-7543,0,0,0
738078,283,0,1783,9840,1,0,1
738079,65535,255,4201,9698,0,0,0
738080,551,0,5782,9363,1,0,1
738081,231,0,4412,-7285,1,0,1
738082,635,0,2182,-7709,1,0,1
738083,543,0,796,9918,1,0,1
738084,352,0,3498,9764,1,0,1
738085,398,0,5331,9464,1,0,1
738086,171,0,4962,-7238,1,0,1
738087,309,0,3032,-7587,1,0,1
738088,65535,255,232,-8373,0,0,0
738089,65535,255,2689,9844,0,0,0
738090,65535,255,4811,9593,0,0,0
738091,65535,255,5438,-7127,0,0,0
738092,65535,255,3770,-7394,0,0,0
738093,661,0,1236,-7759,1,0,1
738094,65535,255,1782,9989,0,0,0
738095,65535,255,4204,9664,0,0,0
738096,65535,255,5786,9342,0,0,0
738097,425,0,4413,-7362,1,0,1
738098,878,1,2177,-7666,1,0,1
738099,65535,255,801,9839,0,0,0
738100,65535,255,3505,9756,0,0,0
738101,326,0,5335,9464,1,0,1
738102,249,0,4963,-7249,1,0,1
738103,261,0,3022,-7463,1,0,1
738104,163,0,225,-6615,1,0,1
738105,169,0,2699,9902,1,0,1
738106,237,0,4817,9540,1,0,1
738107,183,0,5432,-7090,1,0,1
738108,65535,255,3767,-7458,0,0,0
738109,352,0,1225,-7599,1,0,1
738110,228,0,1793,9916,1,0,1
738111,65535,255,4214,9636,0,0,0
738112,0,0,0,0,0,0,0
738113,65535,255,4405,-7356,0,0,0
738114,551,0,2167,-7666,1,0,1
738115,0,0,0,0,0,0,0
738116,65535,255,3513,9773,0,0,0
738117,666,0,5343,9482,1,0,1
738118,65535,255,4953,-7190,0,0,0
738119,346,0,3013,-7516,1,0,1
738120,65535,255,208,-7640,0,0,0
738121,550,0,2713,9818,1,0,1
738122,440,0,4826,9590,1,0,1
738123,65535,255,5426,-7139,0,0,0
738124,445,0,3754,-7427,1,0,1
738125,440,0,1212,-7815,1,0,1
738126,65535,255,1815,9879,0,0,0
738127,208,0,4225,9628,1,0,1
738128,695,0,5799,9332,1,0,1
738129,143,0,4392,-7358,1,0,1
738130,65535,255,2151,-7698,0,0,0
738131,1287,1,835,10044,1,0,1
738132,747,0,3530,9791,1,0,1
738133,200,0,5354,9432,1,0,0
738134,188,0,4941,-7225,1,0,1
738135,774,0,2993,-7591,1,0,1
738136,147,0,186,-7265,1,0,1
738137,934,0,2728,9876,1,0,1
738138,204,0,4835,9566,1,0,1
738139,144,0,5421,-7144,1,0,1
738140,499,0,3746,-7476,1,0,1
738141,141,0,1203,-7902,1,0,1
738142,732,0,1815,9987,1,0,1
738143,400,0,4229,9608,1,0,1
738144,526,0,5799,9345,1,0,1
738145,554,0,4392,-7320,1,0,1
738146,324,0,2156,-7696,1,0,1
738147,65535,255,824,10288,0,0,0
738148,418,0,3522,9789,1,0,1
738149,598,0,5346,9453,1,0,1
738150,201,0,4950,-7190,1,0,1
738151,309,0,3013,-7598,1,0,1
738152,65535,255,203,-7640,0,0,0
738153,65535,255,2709,9902,0,0,0
738154,842,0,4824,9586,1,0,1
738155,189,0,5426,-7090,1,0,1
738156,175,0,3758,-7402,1,0,1
738157,169,0,1219,-7625,1,0,1
738158,217,0,1805,9807,1,0,1
738159,65535,255,4215,9657,0,0,0
738160,382,0,5790,9377,1,0,1
738161,346,0,4403,-7363,1,0,0
738162,399,0,2167,-7606,1,0,1
738163,368,0,806,10088,1,0,1
738164,214,0,3509,9749,1,0,1
738165,1014,0,5341,9435,1,0,1
738166,65535,255,4957,-7259,0,0,0
738167,779,0,3017,-7577,1,0,1
738168,491,0,221,-7496,1,0,1
738169,336,0,2699,9891,1,0,1
738170,227,0,4814,9583,1,0,1
738171,215,0,5431,-7093,1,0,1
738172,516,0,3764,-7416,1,0,1
738173,239,0,1226,-7679,1,0,1
738174,667,0,1792,9863,1,0,1
738175,329,0,4206,9679,1,0,1
738176,65535,255,5786,9343,0,0,0
738177,189,0,4408,-7303,1,0,1
738178,129,0,2173,-7679,1,0,1
738179,563,0,800,10337,1,0,1
738180,0,0,0,0,0,0,0
738181,569,0,5334,9470,1,0,1
738182,208,0,4958,-7220,1,0,1
738183,294,0,3024,-7502,1,0,1
738184,476,0,229,-8356,1,0,1
738185,171,0,2693,9821,1,0,1
738186,185,0,4813,9554,1,0,1
738187,414,0,5434,-7149,1,0,1
738188,188,0,3768,-7384,1,0,1
738189,1124,1,1232,-7622,1,0,1
738190,842,0,1787,9826,1,0,1
738191,180,0,4203,9666,1,0,1
738192,783,0,5784,9381,1,0,1
738193,138,0,4408,-7303,1,0,1
738194,414,0,2179,-7693,1,0,1
738195,246,0,801,9715,1,0,1
738196,379,0,3503,9713,1,0,1
738197,449,0,5332,9480,1,0,1
738198,211,0,4961,-7235,1,0,1
738199,65535,255,3024,-7543,0,0,0
738200,65535,255,228,-7213,0,0,0
738201,211,0,2693,9881,1,0,1
738202,471,0,4809,9590,1,0,1
738203,247,0,5434,-7105,1,0,1
738204,674,0,3768,-7447,1,0,1
738205,162,0,1237,-7811,1,0,1
738206,628,2,1786,9973,1,0,1
738207,65535,255,4206,9625,0,0,0
738208,65535,255,5784,9366,0,0,0
738209,65535,255,4411,-7372,0,0,0
738210,0,0,0,0,0,0,0
738211,553,0,799,10213,1,0,1
738212,218,0,3504,9793,1,0,1
738213,65535,255,5334,9466,0,0,0
738214,65535,255,4958,-7230,0,0,0
738215,65535,255,3023,-7532,0,0,0
738216,225,0,223,-7042,1,0,1
738217,145,0,2697,9892,1,0,1
738218,95,2,4813,9595,1,0,1
738219,198,0,5431,-7115,1,0,1
738220,65535,255,3768,-7463,0,0,0
738221,466,0,1230,-7814,1,0,1
738222,851,0,1792,10064,1,0,1
738223,245,0,4210,9659,1,0,1
738224,207,0,5789,9354,1,0,1
738225,65535,255,4404,-7315,0,0,0
738226,65535,255,2170,-7628,0,0,0
738227,139,0,811,9923,1,0,1
738228,166,0,3512,9740,1,0,1
738229,65535,255,5342,9441,0,0,0
738230,636,0,4954,-7203,1,0,1
738231,65535,255,3014,-7491,0,0,0
738232,65535,255,215,-6699,0,0,0
738233,65535,255,2708,9856,0,0,0
738234,65535,255,4822,9587,0,0,0
738235,712,0,5428,-7111,1,0,1
738236,270,0,3760,-7463,1,0,1
738237,447,0,1216,-7658,1,0,1
738238,660,0,1803,10062,1,0,1
738239,146,0,4221,9672,1,0,1
738240,0,0,0,0,0,0,0
738241,65535,255,4399,-7342,0,0,0
738242,65535,255,2157,-7589,0,0,0
738243,65535,255,822,10165,0,0,0
738244,295,0,3521,9800,1,0,1
738245,294,0,5347,9479,1,0,1
738246,65535,255,4948,-7248,0,0,0
738247,65535,255,3004,-7587,0,0,0
738248,65535,255,199,-8285,0,0,0
738249,705,0,2723,9819,1,0,1
738250,65535,255,4831,9569,0,0,0
738251,424,2,5419,-7103,1,0,1
738252,620,0,3747,-7464,1,0,1
738253,242,0,1198,-7511,1,0,1
738254,369,0,1825,9826,1,0,1
738255,65535,255,4231,9690,0,0,0
738256,407,2,5805,9354,1,0,1
738257,286,0,4386,-7369,1,0,1
738258,94,0,2136,-7651,1,0,1
738259,274,0,847,9769,1,0,1
738260,871,2,3542,9729,1,0,1
738261,441,0,5361,9442,1,0,1
738262,431,0,4936,-7212,1,0,1
738263,309,0,2985,-7526,1,0,1
738264,763,0,169,-7396,1,0,1
738265,65535,255,2743,9761,0,0,0
738266,65535,255,4846,9550,0,0,0
738267,65535,255,5408,-7091,0,0,0
738268,65535,255,3726,-7453,0,0,0
738269,444,0,1171,-7717,1,0,1
738270,65535,255,1848,9843,0,0,0
738271,65535,255,4251,9646,0,0,0
738272,65535,255,5814,9364,0,0,0
738273,126,2,4369,-7290,1,0,1
738274,338,0,2114,-7731,1,0,1
738275,65535,255,876,10005,0,0,0
738276,615,0,3556,9803,1,0,1
738277,156,0,5370,9426,1,0,1
738278,291,0,4926,-7215,1,0,1
738279,152,0,2975,-7570,1,0,1
738280,161,0,165,-9002,1,0,1
738281,194,0,2748,9908,1,0,1
738282,193,0,4847,9555,1,0,1
738283,260,0,5407,-7111,1,0,1
738284,65535,255,3727,-7389,0,0,0
738285,65535,255,1180,-7849,0,0,0
738286,157,0,1837,9826,1,0,1
738287,65535,255,4240,9621,0,0,0
738288,65535,255,5807,9328,0,0,0
738289,65535,255,4382,-7358,0,0,0
738290,65535,255,2135,-7713,0,0,0
738291,0,0,0,0,0,0,0
738292,819,0,3539,9712,1,0,1
738293,133,0,5354,9453,1,0,1
738294,137,0,4939,-7250,1,0,1
738295,65535,255,2994,-7495,0,0,0
738296,754,0,185,-7799,1,0,1
738297,228,0,2724,9843,1,0,1
738298,65535,255,4833,9530,0,0,0
738299,292,0,5419,-7094,1,0,1
738300,445,0,3746,-7464,1,0,1
738301,65535,255,1203,-7789,0,0,0
738302,157,0,1815,9808,1,0,1
738303,660,0,4226,9624,1,0,1
738304,65535,255,5798,9334,0,0,0
738305,65535,255,4393,-7375,0,0,0
738306,684,0,2151,-7530,1,0,1
738307,268,0,818,10290,1,0,1
738308,215,0,3518,9749,1,0,1
738309,65535,255,5343,9484,0,0,0
738310,490,0,4948,-7204,1,0,1
738311,65535,255,3008,-7575,0,0,1
738312,350,0,208,-6519,1,0,1
738313,65535,255,2709,9762,0,0,0
738314,171,0,4821,9582,1,0,1
738315,311,0,6183,9253,1,0,1
738316,65535,255,3759,-7456,0,0,0
738317,447,0,1219,-7679,1,0,1
738318,371,0,1793,10047,1,0,1
738319,65535,255,4212,9700,0,0,0
738320,65535,255,5788,9375,0,0,0
738321,65535,255,4403,-7322,0,0,0
738322,65535,255,2172,-7618,0,0,0
738323,65535,255,801,9800,0,0,0
738324,65535,255,3501,9768,0,0,0
738325,566,0,5333,9486,1,0,1
738326,805,0,6520,9183,1,0,1
738327,376,0,3027,-7543,1,0,1
738328,185,0,232,-8224,1,0,1
738329,65535,255,2689,9881,0,0,0
738330,65535,255,4807,9539,0,0,1
738331,0,0,0,0,0,0,0
738332,240,0,3775,-7437,1,0,1
738333,65535,255,1247,-7755,0,0,0
738334,195,0,1771,10050,1,0,1
738335,65535,255,4193,9703,0,0,0
738336,65535,255,5776,9382,0,0,0
738337,135,2,4420,-7339,1,0,1
738338,763,0,2193,-7675,1,0,1
738339,65535,255,777,10009,0,0,0
738340,181,0,3484,9814,1,0,1
738341,218,0,5322,9440,1,0,1
738342,65535,255,4975,-7237,0,0,0
738343,65535,255,3046,-7457,0,0,0
738344,153,0,256,-7285,1,0,1
738345,65535,255,2669,9802,0,0,0
738346,452,0,4794,9599,1,0,1
738347,65535,255,5447,-7141,0,0,0
738348,0,0,0,0,0,0,0
738349,65535,255,1264,-7675,0,0,0
738350,65535,255,1749,10016,0,0,0
738351,65535,255,4182,9698,0,0,0
738352,65535,255,5768,9380,0,0,0
738353,65535,255,4432,-7343,0,0,0
738354,0,0,0,0,0,0,0
738355,65535,255,754,10048,0,0,0
738356,65535,255,3472,9702,0,0,0
738357,65535,255,5315,9456,0,0,0
738358,65535,255,4986,-7252,0,0,0
738359,425,0,3059,-7507,1,0,1
738360,158,0,271,-7911,1,0,1
738361,544,0,2655,9873,1,0,0
738362,65535,255,4785,9542,0,0,0
738363,65535,255,5457,-7109,0,0,0
738364,65535,255,3802,-7394,0,0,0
738365,65535,255,1287,-7905,0,0,0
738366,65535,255,1733,9902,0,0,0
738367,178,0,4172,9658,1,0,0
738368,106,2,5764,9358,1,0,0
738369,175,0,4445,-7315,1,0,1
738370,551,0,2229,-7641,1,0,1
738371,0,0,0,0,0,0,0
738372,0,0,0,0,0,0,0
738373,65535,255,5307,-7641,0,0,0
738374,65535,255,4992,-7202,0,0,0
738375,457,0,3073,-7525,1,0,1
738376,65535,255,290,-7525,0,0,0
738377,349,2,2640,-7525,1,0,1
738378,290,0,4778,9567,1,0,1
738379,65535,255,5465,-7131,0,0,0
738380,242,0,3814,-7439,1,0,1
738381,65535,255,1297,-7645,0,0,0
738382,65535,255,1722,10037,0,0,0
738383,65535,255,4162,9686,0,0,0
738384,65535,255,5757,9395,0,0,0
738385,547,0,4449,-7282,1,0,1
738386,65535,255,2240,-7553,0,0,0
738387,65535,255,733,9730,0,0,0
738388,316,0,3450,9791,1,0,1
738389,65535,255,5301,9435,0,0,0
738390,328,0,4998,-7243,1,0,1
738391,109,2,3082,-7494,1,0,1
738392,65535,255,300,-8008,0,0,0
738393,65535,255,2630,9900,0,0,0
738394,489,0,4772,9567,1,0,1
738395,456,0,5467,-7135,1,0,1
738396,65535,255,3822,-7453,0,0,0
738397,193,0,1309,-7453,1,0,0
738398,0,0,0,0,0,0,0
738399,338,0,4158,-7453,1,0,1
738400,156,0,5755,-7453,1,0,1
738401,239,0,4456,-7453,1,0,1
738402,65535,255,2245,-7453,0,0,0
738403,65535,255,719,-7453,0,0,0
738404,0,0,0,0,0,0,0
738405,294,0,5298,-7453,1,0,1
738406,263,0,5001,-7453,1,0,1
738407,282,0,3086,-7453,1,0,1
738408,198,0,307,-7453,1,0,1
738409,242,0,2625,-7453,1,0,1
738410,175,2,4769,-7453,1,0,0
738411,64,2,5470,-7453,1,0,0
738412,65535,255,3822,-7453,0,0,0
738413,65535,255,1309,-7453,0,0,0
738414,65535,255,1709,-7453,0,0,0
738415,194,0,4154,-7453,1,0,0
738416,582,0,5753,-7453,1,0,1
738417,0,0,0,0,0,0,0
738418,65535,255,2245,-7453,0,0,0
738419,1431,1,720,-7453,1,0,1
738420,233,0,3443,-7453,1,0,1
738421,65535,255,5296,-7453,0,0,0
738422,65535,255,5000,-7453,0,0,0
738423,65535,255,3086,-7453,0,0,0
738424,65535,255,304,-7453,0,0,0
738425,65535,255,2631,-7453,0,0,0
738426,0,0,0,0,0,0,0
738427,65535,255,5467,-7453,0,0,0
738428,149,0,3818,-7453,1,0,0
738429,300,0,1309,-7453,1,0,1
738430,65535,255,1717,-7453,0,0,0
738431,65535,255,4158,-7453,0,0,0
738432,0,0,0,0,0,0,0
738433,0,0,0,0,0,0,0
738434,0,0,0,0,0,0,0
738435,407,0,726,-7453,1,0,1
738436,133,0,3451,-7453,1,0,1
738437,65535,255,5299,-7453,0,0,0
738438,512,2,4995,-7453,1,0,1
738439,214,0,3077,-7453,1,0,1
738440,392,0,296,-7453,1,0,1
738441,65535,255,2636,-7453,0,0,0
738442,65535,255,4776,-7453,0,0,0
738443,65535,255,5462,-7453,0,0,0
738444,248,0,3814,-7453,1,0,1
738445,1319,1,1303,-7453,1,0,1
738446,390,0,1711,-7453,1,0,1
738447,1145,1,4155,-7453,1,0,1
738448,267,0,5748,-7453,1,0,1
738449,169,0,4455,-7453,1,0,1
738450,284,0,2255,-7453,1,0,1
738451,363,0,708,-7453,1,0,1
738452,367,0,3433,-7453,1,0,1
738453,261,0,5288,-7453,1,0,1
738454,65535,255,5008,-7453,0,0,0
738455,145,0,3100,-7453,1,0,1
738456,65535,255,331,-7453,0,0,0
738457,263,0,2600,-7453,1,0,1
738458,267,0,4750,-7453,1,0,1
738459,65535,255,5481,-7453,0,0,0
738460,479,0,3843,-7453,1,0,1
738461,65535,255,1344,-7453,0,0,0
738462,65535,255,1672,-7453,0,0,0
738463,65535,255,4127,-7453,0,0,0
738464,65535,255,5733,-7453,0,0,0
738465,261,0,4480,-7453,1,0,1
738466,0,0,0,0,0,0,0
738467,745,2,672,-7453,1,0,0
738468,433,0,3403,-7453,1,0,1
738469,781,0,5271,-7453,1,0,1
738470,283,0,5026,-7453,1,0,1
738471,233,0,3127,-7453,1,0,1
738472,298,0,366,-7453,1,0,1
738473,354,0,2575,-7453,1,0,1
738474,348,0,4736,-7453,1,0,1
738475,389,0,5493,-7453,1,0,1
738476,324,0,3867,-7453,1,0,1
738477,400,0,1373,-7453,1,0,1
738478,65535,255,-32768,-7453,0,65535,1
738479,65535,255,4105,-7453,0,0,0
738480,177,0,5720,-7453,1,0,1
738481,427,0,4500,-7453,1,0,1
738482,388,0,2309,-7453,1,0,1
738483,224,0,643,-7453,1,0,1
738484,65535,255,3391,-7453,0,0,0
738485,280,0,5262,-7453,1,0,0
738486,608,0,5035,-7453,1,0,1
738487,65535,255,3141,-7453,0,0,0
738488,287,0,377,-7453,1,0,1
738489,65535,255,2570,-7453,0,0,1
738490,997,0,4736,-7453,1,0,1
738491,65535,255,5495,-7453,0,0,0
738492,227,0,3863,-7453,1,0,1
738493,367,0,1366,-7453,1,0,1
738494,442,0,1661,-7453,1,0,1
738495,65535,255,4123,-7453,0,0,0
738496,346,0,5732,-7453,1,0,1
738497,65535,255,4487,-7453,0,0,0
738498,65535,255,2288,-7453,0,0,0
738499,205,2,672,-7453,1,0,0
738500,65535,255,3412,-7453,0,0,0
738501,702,0,5279,-7453,1,0,1
738502,442,0,5020,-7453,1,0,1
738503,630,0,3118,-7453,1,0,1
738504,635,0,337,-7453,1,0,1
738505,549,0,2605,-7453,1,0,1
738506,767,0,4755,-7453,1,0,1
738507,440,0,5480,-7453,1,0,1
738508,269,0,3839,-7453,1,0,1
738509,399,0,1333,-7453,1,0,1
738510,231,0,1694,-7453,1,0,1
738511,65535,255,4146,-7453,0,0,0
738512,65535,255,5749,-7453,0,0,0
738513,65535,255,4463,-7453,0,0,0
738514,844,0,2257,-7453,1,0,1
738515,212,0,713,-7453,1,0,1
738516,639,0,3441,-7453,1,0,1
738517,1021,0,5297,-7453,1,0,1
738518,65535,255,5001,-7453,0,0,0
738519,207,0,3082,-7453,1,0,1
738520,311,0,302,-7453,1,0,1
738521,681,0,2634,-7453,1,0,1
